%eval_id interface            finthick           wallthick            finwidth           wallwidth          deltatheta            deltaphi       obj_fn_1       obj_fn_2       obj_fn_3       obj_fn_4 
1           MOGA_E    3.27891949577207    3.19905622778416                   8                   7                   4                   2            0.264667                 inf                 inf             401.051 
2           MOGA_E     3.4294650314513    5.16844124587646                  10                   3                   6                   9            0.428993                 inf                 inf             560.908 
3           MOGA_E    3.90787608591275    11.7564472741245                   1                  10                   5                   6            0.980241                 inf                 inf             2691.72 
4           MOGA_E    3.99852587841383    6.82756383988427                   7                   5                   3                   6             0.56195         15085990000           11.701246             540.788 
5           MOGA_E    4.26859775151526    7.14433236845971                   2                   8                   8                   9            0.889082                 inf                 inf             1292.84 
6           MOGA_E    4.71405467051736    8.93449420851399                   2                  10                   9                   9            0.914177          6038204000           15.831631             2617.06 
7           MOGA_E    4.89240140323173    9.78852402641835                   4                  11                  10                   6            0.810145          1036408000           41.448449              4019.1 
8           MOGA_E    4.94853993735674    9.03362005810888                   9                   1                   3                   4            0.232855                 inf                 inf             490.358 
9           MOGA_E     5.6006777033213    11.8368454416454                   1                  12                   9                   2                 inf                 inf                 inf                 inf 
10          MOGA_E    5.71951513631247    4.25900458370289                   7                   5                   9                   4                 inf                 inf                 inf                 inf 
11          MOGA_E    5.78685085372387    5.03146745312562                   7                  11                  10                   8            0.297649          1072951000           26.557361             1827.24 
12          MOGA_E    5.79093855702828    7.09438690826967                   9                   5                   9                   5            0.298131                 inf                 inf             1701.16 
13          MOGA_E    5.96924989296554    10.8930595977665                  10                   4                   8                   3                 inf                 inf                 inf                 inf 
14          MOGA_E    6.20177136370995     6.0680626198035                  12                   5                   3                   4            0.303848         22578720000           20.581391             806.141 
15          MOGA_E    6.45720719334539    6.16620402744329                   9                   2                   6                   3             0.17986                 inf                 inf             997.228 
16          MOGA_E    6.52544253623367    3.52863042267441                   4                  11                   9                   8            0.220615          2370632000           18.873436              1110.9 
17          MOGA_E     6.7058423867942    9.99020206322437                   7                   2                   2                   4            0.264917         58919530000           16.301339             536.744 
18          MOGA_E    6.82511371738515    7.54875279290078                   6                   6                   4                   8            0.489979                 inf                 inf             1022.78 
19          MOGA_E    7.42075703266112    4.70320456507765                   6                   5                   8                   4            0.158037          2757705000           43.190338             1246.87 
20          MOGA_E    7.49856541422129    6.45649895186373                   4                   5                   5                   9            0.396772                 inf                 inf              865.76 
21          MOGA_E    7.74861750553763     8.0477188723384                  10                   7                   9                   4                 inf                 inf                 inf                 inf 
22          MOGA_E    8.52423104854498    10.3152461789154                   3                   4                   2                   6            0.583124         37430690000            6.789602              646.46 
23          MOGA_E     9.5433858006929    8.76066035533355                  10                  12                   4                   3            0.327762           619682700           23.947592             2588.89 
24          MOGA_E    9.69123876313271    9.83300285964878                  12                  11                   5                  10            0.594992                 inf                 inf             4074.23 
25          MOGA_E    9.87614357651963    7.97578654018035                  11                   4                   5                   4             0.24219          2140800000           19.067097             2401.87 
26          MOGA_E    10.1064617340949    3.39803079068569                   2                   1                   8                   6            0.090983        115302400000            33.70925             797.167 
27          MOGA_E    10.1076539885754    4.78649228894454                   4                   5                   9                   3                 inf                 inf                 inf                 inf 
28          MOGA_E    11.0146870184758    9.65649922362366                   8                  10                   9                  10            0.390378           262668400            6.713123             6314.23 
29          MOGA_E    11.1869392693913    6.90791366477865                   6                  10                   5                   3            0.235303          1358461000           29.746231             2235.09 
30          MOGA_E    11.2020488317134    9.85785142651659                  11                   9                   6                   9            0.454062           383553000            5.543779              4738.9 
31          MOGA_E    11.3953688956776    7.99788410775265                   1                   3                   5                   4            0.595235         17976960000           21.111574             738.771 
32          MOGA_E    11.5544952454765    4.63230456068754                   9                  10                   3                   3            0.186958          1169834000           22.325712             1654.29 
33          MOGA_E    11.6040742572416    9.97507572452308                   2                   1                   8                   6            0.111024                 inf                 inf             1243.41 
34          MOGA_E    11.6049683548533    5.88859207084803                  11                  12                   3                   9            0.501843           683761900            3.482183             2109.08 
35          MOGA_E    11.7228117863288    7.46248587242443                   9                  12                   3                  10            0.562778          1215972000            2.403892             2274.37 
36          MOGA_E    3.27891949577207    3.19905622778416                   8                   2                   4                   2            0.133014                 inf                 inf             341.464 
37          MOGA_E     3.4294650314513    5.16844124587646                   7                   3                   3                   6               0.347                 inf                 inf             367.527 
38          MOGA_E    3.99852587841383    6.82756383988427                  10                   3                   6                   6            0.370128          7232164000           20.807427             781.973 
39          MOGA_E    4.71405467051736    4.78649228894454                   4                  10                   9                   9            0.531632          3499205000           18.462657              1061.8 
40          MOGA_E    4.89240140323173    9.97507572452308                   4                   1                   8                   6            0.214835                 inf                 inf             721.991 
41          MOGA_E    4.94853993735674    7.97578654018035                   9                   1                   5                   4            0.215865        219158600000           33.388391             647.251 
42          MOGA_E    4.94853993735674    9.03362005810888                   9                  10                   3                   4            0.684851          1228485000           20.895162             1209.87 
43          MOGA_E    4.94853993735674    11.7564472741245                   1                  10                   3                   4            0.971157                 inf                 inf             1687.98 
44          MOGA_E    5.78685085372387    3.39803079068569                   7                   1                  10                   8            0.266238                 inf                 inf              1002.5 
45          MOGA_E    5.78685085372387    4.70320456507765                   6                   5                   8                   4            0.190086                 inf                 inf             931.929 
46          MOGA_E    5.78685085372387    5.03146745312562                   2                  11                  10                   8             0.70209                 inf                 inf             1317.82 
47          MOGA_E    6.20177136370995    7.54875279290078                   6                   5                   3                   4            0.395619                 inf                 inf             691.291 
48          MOGA_E    6.45720719334539    6.16620402744329                   9                   8                   6                   3            0.251074                 inf                 inf             1389.34 
49          MOGA_E    6.82511371738515    7.54875279290078                   6                   6                   3                   8              0.5285                 inf                 inf             822.072 
50          MOGA_E    7.42075703266112    4.70320456507765                   7                   5                   8                   4            0.173213          2399854000           58.931224             1361.17 
51          MOGA_E    7.42075703266112    7.46248587242443                   6                   5                   8                  10            0.380643                 inf                 inf             1869.83 
52          MOGA_E    7.49856541422129     8.0477188723384                  10                   7                   5                   4            0.305979           966040700           19.396487             1817.27 
53          MOGA_E     9.5433858006929    9.97507572452308                   2                   1                   8                   3                 inf                 inf                 inf                 inf 
54          MOGA_E    9.87614357651963    7.97578654018035                  11                   1                   5                   4            0.241619                 inf                 inf             2097.92 
55          MOGA_E    10.1076539885754    4.78649228894454                   2                   5                   9                   3                 inf                 inf                 inf                 inf 
56          MOGA_E    11.0146870184758    9.65649922362366                   8                   1                   9                   6            0.244946                 inf                 inf             3528.61 
57          MOGA_E    11.0146870184758    9.65649922362366                   8                   1                   9                  10            0.318444                 inf                 inf             3678.32 
58          MOGA_E    11.0146870184758    9.65649922362366                   8                  10                   9                   8            0.329732           286961100            8.274565             6130.19 
59          MOGA_E    11.6040742572416    9.97507572452308                   4                   1                  10                   6            0.132609                 inf                 inf              2449.9 
60          MOGA_E    11.6040742572416    9.97507572452308                  10                   1                   8                   6            0.283118                 inf                 inf             4287.42 
61          MOGA_E    11.7228117863288    4.70320456507765                   9                   5                   3                  10            0.448815          7608170000            4.923259             1712.13 
62          MOGA_E    3.27891949577207     5.0771343750307                   8                   7                   4                   2            0.552844          5431622000           121.68822             533.102 
63          MOGA_E    3.99852587841383    4.70320456507765                   7                   5                   3                   6            0.398557                 inf                 inf             423.397 
64          MOGA_E    3.99852587841383    6.82756383988427                   7                   3                   3                   6             0.40102                 inf                 inf             452.236 
65          MOGA_E    3.99852587841383    6.82756383988427                  10                   5                   5                   4            0.419909          4441223000           37.095866             818.379 
66          MOGA_E    3.99852587841383    6.82756383988427                  12                   5                   6                   4            0.377505          3274292000            40.58149             999.992 
67          MOGA_E    3.99852587841383     8.0477188723384                   7                   5                   5                   6            0.613585          1975655000           18.533047             913.664 
68          MOGA_E    4.71405467051736    4.78649228894454                   9                  10                   3                   4            0.428961                 inf                 inf             603.254 
69          MOGA_E    4.94853993735674    9.03362005810888                   4                  10                   9                   4                 inf                 inf                 inf                 inf 
70          MOGA_E    4.94853993735674    9.03362005810888                   9                   2                   2                   4            0.294654         87449220000           19.161762             449.224 
71          MOGA_E    4.94853993735674    9.99020206322437                   9                   1                   3                   4            0.235473         85512540000           26.567364             510.634 
72          MOGA_E    5.78685085372387    5.03146745312562                   7                  11                  10                  10            0.344907          1132855000           12.052006             1936.95 
73          MOGA_E    5.78685085372387    9.03362005810888                   6                  10                   3                   4            0.724679          2345442000           20.826917             1192.33 
74          MOGA_E    5.78685085372387    9.97507572452308                   4                   1                   8                   6            0.180465                 inf                 inf             817.801 
75          MOGA_E    5.78685085372387    9.97507572452308                   6                   5                  10                   4                 inf                 inf                 inf                 inf 
76          MOGA_E    6.20177136370995    6.82756383988427                  10                   3                   6                   4            0.229407          4544464000           28.979616             1182.41 
77          MOGA_E    6.52544253623367    4.70320456507765                   6                  11                   8                   8            0.307974          1837111000           15.214411             1493.78 
78          MOGA_E    7.42075703266112    3.52863042267441                   4                   5                   8                   8            0.178569          1550541000           14.385078             952.173 
79          MOGA_E    7.42075703266112    4.95634418491104                   7                   5                   8                   4            0.173956          2738254000           62.539355             1390.93 
80          MOGA_E     9.5433858006929    8.76066035533355                   2                  12                   4                   3            0.827361                 inf                 inf             1630.76 
81          MOGA_E    9.61840131954215    7.97578654018035                  11                   4                   5                   4            0.243495          2172606000           19.922435              2298.2 
82          MOGA_E    9.87614357651963    4.70320456507765                  11                   4                   8                   4            0.264722         17038740000            98.70762             2901.83 
83          MOGA_E    9.87614357651963    7.97578654018035                  11                   5                   5                   4            0.246354          1336560000           18.377099             2503.19 
84          MOGA_E    9.87614357651963    9.97507572452308                  11                   4                   5                   6            0.340079          1319717000            7.317372             2696.97 
85          MOGA_E    11.2020488317134    4.63230456068754                  11                   9                   3                   3            0.208167          1257936000           22.133819             1806.59 
86          MOGA_E    11.5544952454765    4.63230456068754                   9                   9                   3                   9             0.42111          1602603000            4.575885             1614.85 
87          MOGA_E    11.6040742572416    8.76066035533355                   2                   1                   8                   6            0.098188                 inf                 inf              1175.8 
88          MOGA_E    11.6040742572416    9.97507572452308                   2                   4                   8                   6            0.481265                 inf                 inf             2050.52 
89          MOGA_E    11.6040742572416    9.97507572452308                   4                   1                   3                  10            0.284609         89240120000            4.642949             934.688 
90          MOGA_E    11.6040742572416    9.97507572452308                   4                   5                  10                   6            0.261925           474841400           16.684216             3793.78 
91          MOGA_E    3.27891949577207     6.0680626198035                  12                   7                   3                   4            0.554795          6385161000           28.681179             567.804 
92          MOGA_E     3.4294650314513    5.16844124587646                   7                   3                  10                   6            0.309654          5795390000           40.562516             724.318 
93          MOGA_E    3.99852587841383    4.63230456068754                   9                   5                   6                   4            0.265909                 inf                 inf             672.923 
94          MOGA_E    3.99852587841383    4.63230456068754                  12                   5                   3                   9            0.524848                 inf                 inf             471.519 
95          MOGA_E    3.99852587841383    6.82756383988427                   3                   4                   2                   6            0.602392                 inf                 inf             361.666 
96          MOGA_E    3.99852587841383    6.82756383988427                   7                  11                   3                   6            0.784705          4406855000           10.641734             806.443 
97          MOGA_E    3.99852587841383    8.76066035533355                  10                  12                   4                   3            0.744895          1071858000           47.254447             1587.61 
98          MOGA_E    3.99852587841383    9.78852402641835                   4                   3                  10                   6            0.666076          1762264000           34.867588             1381.28 
99          MOGA_E    3.99852587841383    10.3152461789154                   3                   5                   2                   4            0.829028        175492700000           26.262578             596.149 
100         MOGA_E    3.99852587841383    11.9413428087446                   7                   3                   3                   6            0.614673         10226480000           11.459348             777.769 
101         MOGA_E    4.94853993735674    9.03362005810888                   9                  10                   3                   3            0.667995          1267830000           29.560283             1200.03 
102         MOGA_E    5.78685085372387    5.16844124587646                   7                  11                   3                  10            0.632734                 inf                 inf              762.93 
103         MOGA_E    5.78685085372387    6.82756383988427                  10                  10                   3                   4            0.473222         19137300000           18.588409             953.017 
104         MOGA_E    5.78685085372387    9.03362005810888                   4                  10                   9                   8            0.714786          1311643000            13.96927             3056.36 
105         MOGA_E    5.78685085372387    9.97507572452308                  12                   1                   8                   6            0.325341         38971820000           21.249698              1488.6 
106         MOGA_E    6.20177136370995     6.0680626198035                  12                   5                   4                   4            0.285603          5443745000           20.851964             1005.75 
107         MOGA_E    6.20177136370995    6.82756383988427                  10                   3                   2                   4             0.29208         30454290000           18.458415             532.332 
108         MOGA_E    6.20177136370995    7.97578654018035                  11                   5                   3                   4            0.337485          4414961000           17.780859             903.841 
109         MOGA_E    6.20177136370995    9.03362005810888                  10                  10                   3                   4            0.554941          2394258000           17.514309             1363.53 
110         MOGA_E    6.20177136370995    10.3152461789154                  10                   3                   6                   6            0.356141          2755952000           15.352898             1591.83 
111         MOGA_E    6.45720719334539    6.16620402744329                   9                   2                   8                   6            0.266736          8400013000            20.88217             1349.28 
112         MOGA_E    6.45720719334539    8.76066035533355                   2                   2                   8                   3                 inf                 inf                 inf                 inf 
113         MOGA_E    6.52544253623367    4.63230456068754                  11                   9                   8                   3                 inf                 inf                 inf                 inf 
114         MOGA_E    6.52544253623367    4.70320456507765                  11                  11                   8                   6            0.304595          1773831000           26.811177             1951.49 
115         MOGA_E    6.52544253623367    9.03362005810888                   4                  10                   3                   4            0.792309          5389835000           16.707471             1165.23 
116         MOGA_E    6.52544253623367    9.97507572452308                   6                  11                   8                   6            0.602156           908706700           19.654648             3816.65 
117         MOGA_E    7.42075703266112    3.52863042267441                   4                   1                   8                   6            0.145592                 inf                 inf             807.656 
118         MOGA_E    8.52423104854498    7.89882439137382                   3                   4                   2                   6             0.47385                 inf                 inf             516.697 
119         MOGA_E     9.5433858006929    8.76066035533355                  10                   5                   5                   3            0.198565          1161682000           29.358364             2318.98 
120         MOGA_E     9.5433858006929    8.76066035533355                  10                   9                   6                   9            0.456999         29756290000             6.96178             3297.31 
121         MOGA_E    9.61840131954215    7.97578654018035                  11                   4                   3                   4            0.268447          3681095000           12.919929             1462.21 
122         MOGA_E    9.87614357651963    6.82756383988427                  11                   3                   6                   6            0.304847          2143305000           11.570766             2650.65 
123         MOGA_E    9.87614357651963    6.82756383988427                  11                   4                   5                   4            0.239538          2297623000           19.161202             2287.35 
124         MOGA_E    10.1064617340949    3.39803079068569                   6                   5                   8                   6            0.193938          1407165000            22.68404             2023.91 
125         MOGA_E    10.1064617340949    4.70320456507765                   2                   1                   8                   6            0.089274         34286700000           24.004055             823.013 
126         MOGA_E    11.0146870184758    9.65649922362366                   4                   1                  10                  10            0.188327                 inf                 inf             2310.67 
127         MOGA_E    11.0146870184758    9.65649922362366                   4                  10                   3                  10            0.690593          4147178000            2.055868             1741.07 
128         MOGA_E    11.0146870184758    9.97507572452308                   8                  10                   9                  10            0.395319           253136600            6.840945             6533.24 
129         MOGA_E    11.2020488317134    4.63230456068754                   6                  11                   8                   8            0.232697           555521000           10.129071             2947.63 
130         MOGA_E    11.2020488317134    4.63230456068754                   9                   9                   3                   3            0.182096          1176578000          382.634442             1547.36 
131         MOGA_E    11.2020488317134    8.76066035533355                  11                  12                   6                   3            0.226386          2794276000           75.429812             4542.63 
132         MOGA_E    11.2020488317134    9.85785142651659                  11                   9                   4                   9            0.526344           590901600            3.734141             3227.58 
133         MOGA_E    11.3953688956776    6.82655210645243                   1                   3                   5                   4            0.513259         41475610000           21.002388             650.984 
134         MOGA_E    11.6040742572416    7.46248587242443                   4                  12                  10                   6            0.263492           834129000            27.24052             4124.06 
135         MOGA_E    11.6040742572416    9.65649922362366                   4                  10                   9                  10            0.444973           528185600            3.912457             4939.38 
136         MOGA_E    11.7228117863288    9.97507572452308                   4                  12                   3                   6            0.657267          3540875000            5.991603             2011.05 
137         MOGA_E    3.27891949577207    4.70320456507765                   8                   1                   4                   2            0.130362                 inf                 inf             344.143 
138         MOGA_E    3.27891949577207    5.03146745312562                   7                  11                   4                   2            0.731378                 inf                 inf             642.092 
139         MOGA_E    3.27891949577207    5.03146745312562                   8                  11                  10                  10            0.614866          1879292000           13.210974             1458.28 
140         MOGA_E    3.27891949577207    5.88859207084803                  12                   7                   3                   4            0.539486          7301908000           28.527377             553.523 
141         MOGA_E    3.99852587841383    4.95634418491104                  10                   5                   4                   4            0.310227                 inf                 inf              556.46 
142         MOGA_E    3.99852587841383    5.03146745312562                  10                   5                   5                   4             0.30312                 inf                 inf             649.515 
143         MOGA_E    3.99852587841383    6.82756383988427                   7                   8                   3                   6            0.714336          4705884000           12.162694             673.615 
144         MOGA_E    3.99852587841383    6.82756383988427                   7                  11                   5                   4            0.719704          1439527000           39.364112             1180.16 
145         MOGA_E    3.99852587841383    7.97578654018035                   7                   4                   3                   6            0.553693         20186520000           15.368198             565.945 
146         MOGA_E    3.99852587841383     8.0477188723384                   7                   5                   9                   6            0.559124           850787000           28.313804             1472.58 
147         MOGA_E    3.99852587841383    8.76066035533355                  10                   5                   4                   4            0.534612          1949733000           30.349809             903.216 
148         MOGA_E    3.99852587841383    9.65649922362366                   7                  10                   9                   8            0.779252           600971900           16.079956              3388.7 
149         MOGA_E    3.99852587841383    9.97507572452308                   6                  11                   8                   6            0.822742           783667100            24.14445              3415.2 
150         MOGA_E     4.1870018226034    9.03362005810888                  10                  10                   3                   4            0.733087          1544054000           18.724023             1169.17 
151         MOGA_E    4.71405467051736    8.76066035533355                   4                  12                   4                   3            0.889584                 inf                 inf             1499.68 
152         MOGA_E    4.94853993735674    4.63230456068754                   9                   9                   3                   9            0.556955                 inf                 inf             573.863 
153         MOGA_E    4.94853993735674    9.03362005810888                   9                   1                   9                   8            0.315079         15046320000           14.225882             1096.06 
154         MOGA_E    4.94853993735674    9.03362005810888                  11                  10                   5                   4            0.581334           720316900           27.751112             1953.15 
155         MOGA_E    4.94853993735674    9.99020206322437                   3                   4                   2                   6            0.740919         85291930000           11.404424              529.63 
156         MOGA_E    4.94853993735674    10.3152461789154                   9                   4                   2                   6            0.559929                 inf                 inf             641.961 
157         MOGA_E    5.78685085372387    5.03146745312562                   7                   2                  10                   8            0.262301                 inf                 inf             1125.74 
158         MOGA_E    5.78685085372387    9.03362005810888                   4                   1                   5                   4            0.147544                 inf                 inf             546.683 
159         MOGA_E    5.78685085372387    9.03362005810888                   6                  10                   5                   4            0.672377          1514593000            26.84091             1848.61 
160         MOGA_E    5.78685085372387    9.97507572452308                   6                  10                   9                  10            0.673602           697813000             8.66055             3983.61 
161         MOGA_E    5.78685085372387    10.3152461789154                   3                   5                   2                   6            0.781252         63532140000            9.492149             639.628 
162         MOGA_E    5.78685085372387    10.3152461789154                   4                   1                   2                   4            0.198654                 inf                 inf             361.504 
163         MOGA_E    6.20177136370995    3.52863042267441                  12                   5                   8                   8            0.361115          1807729000           19.456481             1559.03 
164         MOGA_E    6.20177136370995    4.70320456507765                   7                   5                   6                   6            0.255346          8795112000           19.603574             928.651 
165         MOGA_E    6.20177136370995    6.16620402744329                   9                   2                   8                   6            0.269959          9884671000           22.384751             1273.71 
166         MOGA_E    6.20177136370995    6.82756383988427                   6                   5                   8                   4            0.284515                 inf                 inf             1310.95 
167         MOGA_E    6.20177136370995    6.82756383988427                  10                   5                   6                   4            0.254175          1608139000           31.917982             1356.83 
168         MOGA_E    6.20177136370995     8.0477188723384                  10                   7                   5                   4            0.365838          1455687000           25.495609             1525.14 
169         MOGA_E    6.20177136370995    10.3152461789154                  10                   3                   2                   4            0.335147                 inf                 inf             660.685 
170         MOGA_E    6.36044118477052    10.3152461789154                   3                   4                   2                   6             0.69099                 inf                 inf             580.404 
171         MOGA_E    6.45720719334539    4.70320456507765                   6                   2                   6                   3            0.138982                 inf                 inf             734.964 
172         MOGA_E    6.45720719334539    4.70320456507765                   9                   2                   8                   8            0.314478                 inf                 inf             1291.84 
173         MOGA_E    6.45720719334539    6.16620402744329                   3                   2                   6                   3            0.188554                 inf                 inf             575.007 
174         MOGA_E    6.45720719334539    6.16620402744329                   9                   5                   8                   6            0.279976          1216649000            19.64974             1635.68 
175         MOGA_E    6.45720719334539    6.16620402744329                  10                   2                   8                   6            0.289343         12812160000            21.86003             1454.28 
176         MOGA_E    6.45720719334539    6.16620402744329                  11                   9                   8                   6            0.317545                 inf                 inf             2211.22 
177         MOGA_E    6.45720719334539    6.82756383988427                  11                   2                   8                   6            0.309165                 inf                 inf             1604.22 
178         MOGA_E    6.45720719334539    9.85785142651659                   9                   2                   4                   6            0.316664                 inf                 inf             948.515 
179         MOGA_E    6.52544253623367    6.82756383988427                  10                  11                   8                   6            0.340715                 inf                 inf             2551.79 
180         MOGA_E    6.52544253623367    8.76066035533355                   2                   1                   8                   6            0.201395                 inf                 inf             629.421 
181         MOGA_E    6.52544253623367    9.03362005810888                  11                   5                   3                   4            0.355811          3328531000           14.888402             1043.26 
182         MOGA_E     6.7058423867942    4.78649228894454                   7                   2                   2                   9            0.411145        482816300000          365.628272             419.854 
183         MOGA_E     6.7058423867942    5.03146745312562                   7                  11                  10                   4                 inf                 inf                 inf                 inf 
184         MOGA_E     6.7058423867942    9.99020206322437                   7                  10                   9                   4                 inf                 inf                 inf                 inf 
185         MOGA_E    7.42075703266112    4.63230456068754                   9                   5                   8                   4              0.2158          1622643000            83.49253             1570.56 
186         MOGA_E    7.42075703266112    4.70320456507765                  10                   3                   8                   4            0.243804                 inf                 inf             1573.06 
187         MOGA_E    7.42075703266112     6.0680626198035                  12                   5                   4                   8            0.456324          4796086000            6.931304             1310.82 
188         MOGA_E    7.49856541422129     8.0477188723384                  12                   7                   5                   4            0.303846           985021000           24.162152             1994.67 
189         MOGA_E     9.5433858006929    8.76066035533355                  10                   5                   4                   3            0.212516          1894300000           24.539787             1896.36 
190         MOGA_E     9.5433858006929    8.76066035533355                  10                  12                   5                   3            0.289698           511663100           34.703044             3137.35 
191         MOGA_E     9.5433858006929    8.76066035533355                  10                  12                   9                   9            0.354559           265125800            8.530065             5500.03 
192         MOGA_E    9.61840131954215    6.82756383988427                  11                   3                   3                   6             0.35176         10457750000            8.086717             1370.03 
193         MOGA_E    9.87614357651963    6.16620402744329                  11                   3                   6                   6            0.305617          1677018000           14.071156             2600.05 
194         MOGA_E    9.87614357651963    6.82756383988427                  11                   3                   4                   6            0.329792          4556779000            9.384554                1839 
195         MOGA_E    9.87614357651963    6.82756383988427                  11                   9                   4                   9            0.468819          1960364000           51.879925             2122.31 
196         MOGA_E    9.87614357651963    7.97578654018035                   4                   5                   5                   4            0.303246                 inf                 inf             1364.41 
197         MOGA_E    9.87614357651963    9.03362005810888                   4                  10                   3                   4            0.619509          9039372000           13.188103             1397.11 
198         MOGA_E    10.1064617340949    3.39803079068569                   9                   5                   8                   3                 inf                 inf                 inf                 inf 
199         MOGA_E    10.1064617340949    4.70320456507765                   8                   1                   8                   2                 inf                 inf                 inf                 inf 
200         MOGA_E    11.0146870184758    9.03362005810888                   6                  10                   3                  10            0.596027          1328019000            2.060695             1870.44 
201         MOGA_E    11.2020488317134    4.63230456068754                   6                  11                   8                   4             0.14638          2074486000           57.568631             2725.15 
202         MOGA_E    11.2020488317134    4.63230456068754                  11                   5                   3                   3            0.203868          6290997000           23.515065                1728 
203         MOGA_E    11.2020488317134    9.85785142651659                   4                   9                   6                   9            0.513779           830284500            4.984297             2945.13 
204         MOGA_E    11.3953688956776    7.99788410775265                   1                  10                   5                  10            0.878644         36183860000            7.433967              1555.8 
205         MOGA_E    11.5544952454765    4.63230456068754                   9                  10                   3                   4            0.234799          1061079000           13.040364             1665.75 
206         MOGA_E    11.6040742572416    3.19905622778416                   8                   1                   8                   6            0.240643                 inf                 inf             3283.73 
207         MOGA_E    11.6040742572416    3.19905622778416                   8                   2                   4                   2            0.131598                 inf                 inf             1723.99 
208         MOGA_E    11.6040742572416    9.65649922362366                   1                  10                   9                  10            0.872467                 inf                 inf             3609.49 
209         MOGA_E    11.6040742572416    9.97507572452308                   4                   1                   9                  10            0.192003                 inf                 inf             2325.37 
210         MOGA_E    11.6049683548533    5.88859207084803                  11                   7                   3                   4            0.263199          1239018000            11.69678             1987.98 
211         MOGA_E    11.7228117863288    4.70320456507765                  11                   4                   5                  10            0.439999          3561210000            5.367187             3162.49 
212         MOGA_E    11.7228117863288    9.97507572452308                   4                   5                   3                   6              0.3987                 inf                 inf             1303.81 
213         MOGA_E    11.7228117863288    9.97507572452308                   4                   5                  10                   6            0.259622           456900600           14.982783             3839.34 
214         MOGA_E    11.7228117863288    9.97507572452308                   9                   4                   5                  10            0.436363          1233396000            4.032343              3210.5 
215         MOGA_E    3.08466912018353    6.82756383988427                  10                   5                   5                   4            0.561942          2816122000           42.524167             721.015 
216         MOGA_E    3.27891949577207    3.19905622778416                   8                  12                   4                   3            0.413832                 inf                 inf             464.486 
217         MOGA_E    3.27891949577207    3.19905622778416                   8                  12                   4                   6            0.486879                 inf                 inf             482.006 
218         MOGA_E    3.27891949577207    3.39803079068569                  12                   7                   8                   6            0.324961          3621348000           28.387279             749.836 
219         MOGA_E    3.27891949577207    5.16844124587646                   7                   3                  10                   6            0.323386          6793870000           34.924901             702.873 
220         MOGA_E    3.27891949577207    5.88859207084803                  10                   2                   3                   6             0.33753                 inf                 inf             382.134 
221         MOGA_E    3.27891949577207    5.88859207084803                  12                   2                   3                   6            0.373756         86847460000           17.923369             402.861 
222         MOGA_E    3.27891949577207     6.0680626198035                   6                   7                   3                   6            0.736074         14744910000           14.299049             518.184 
223         MOGA_E    3.27891949577207    7.46248587242443                   4                   2                   4                   6            0.467757                 inf                 inf             411.028 
224         MOGA_E    3.27891949577207    10.3152461789154                   8                   2                   4                   6              0.4833         28927740000           20.002856             614.477 
225         MOGA_E     3.4294650314513    5.16844124587646                   8                   3                   4                   2            0.216901                 inf                 inf             422.396 
226         MOGA_E    3.99852587841383    3.19905622778416                   8                  12                   4                   3            0.308369                 inf                 inf             514.439 
227         MOGA_E    3.99852587841383    4.63230456068754                   7                   4                   3                   3            0.240164                 inf                 inf             385.705 
228         MOGA_E    3.99852587841383    4.63230456068754                   9                   5                   3                   4            0.302068                 inf                 inf             440.046 
229         MOGA_E    3.99852587841383    4.70320456507765                   3                   4                   2                   6             0.39783                 inf                 inf             299.051 
230         MOGA_E    3.99852587841383    6.82756383988427                   3                   4                   2                   4            0.579667                 inf                 inf             353.139 
231         MOGA_E    3.99852587841383    6.82756383988427                   4                   5                   2                   6            0.661378         86629320000            17.95053             401.293 
232         MOGA_E    3.99852587841383    6.82756383988427                   4                   8                   3                   6            0.820743                 inf                 inf             628.131 
233         MOGA_E    3.99852587841383    6.82756383988427                   7                   2                   8                   6            0.274739          8026235000           25.976063             732.068 
234         MOGA_E    3.99852587841383    6.82756383988427                   7                   5                   6                   6            0.530462          2244761000           19.631748             868.042 
235         MOGA_E    3.99852587841383    6.82756383988427                   8                  11                   5                   4            0.678802          1865130000           35.281091             1204.94 
236         MOGA_E    3.99852587841383    6.82756383988427                  10                   5                   3                   3            0.397191         38863530000           41.014281             567.823 
237         MOGA_E    3.99852587841383    6.82756383988427                  12                   5                   3                   4            0.419839         10691170000           26.630477             603.674 
238         MOGA_E    3.99852587841383    7.46248587242443                  12                  12                   6                  10            0.771961           587318100            8.820282             1971.27 
239         MOGA_E    3.99852587841383     8.0477188723384                   7                   2                   2                   6            0.363351                 inf                 inf             367.817 
240         MOGA_E    3.99852587841383    8.76066035533355                   7                   8                   3                   6            0.789625          4486714000           10.111495             924.499 
241         MOGA_E    3.99852587841383    8.76066035533355                  10                  12                   5                   6            0.769695           620753100            15.29619             1978.12 
242         MOGA_E    3.99852587841383    9.03362005810888                   7                  10                   3                   6            0.844017          5128808000           14.059498              1128.8 
243         MOGA_E    3.99852587841383    9.97507572452308                   3                   4                   2                   6            0.771737        364543400000           11.919807             513.041 
244         MOGA_E    3.99852587841383    9.97507572452308                   6                   5                  10                   6            0.680758           677601800           33.701003             2186.69 
245         MOGA_E    3.99852587841383    10.3152461789154                   7                   5                   3                   6            0.731193          6199960000           12.150611              864.47 
246         MOGA_E    3.99852587841383    10.3152461789154                   7                   8                   2                   6            0.850567         14664090000            8.893972             865.479 
247         MOGA_E    4.71405467051736    4.78649228894454                  10                  12                   5                   3            0.341641                 inf                 inf             947.619 
248         MOGA_E    4.71405467051736    4.78649228894454                  10                  12                   5                   9            0.553751                 inf                 inf             949.249 
249         MOGA_E    4.94853993735674    9.03362005810888                   9                   3                   2                   4            0.351386                 inf                 inf             502.526 
250         MOGA_E    4.94853993735674    9.03362005810888                  11                   3                   6                   6            0.385294          4070932000           14.274246              1204.3 
251         MOGA_E    4.94853993735674    9.97507572452308                   3                   4                   2                   6            0.732676         88486440000           15.363781             528.706 
252         MOGA_E    4.94853993735674    9.99020206322437                  12                   1                   3                   4             0.27676                 inf                 inf             578.419 
253         MOGA_E    5.78685085372387    3.19905622778416                   3                   5                   2                   6            0.257538                 inf                 inf             309.172 
254         MOGA_E    5.78685085372387    3.52863042267441                   4                   1                   8                  10            0.198417                 inf                 inf             626.192 
255         MOGA_E    5.78685085372387    4.63230456068754                   9                   5                   8                   4            0.213918         17614350000           83.381712             1117.57 
256         MOGA_E    5.78685085372387    6.82756383988427                   4                   4                   2                   4            0.408088                 inf                 inf              405.98 
257         MOGA_E    5.78685085372387    9.03362005810888                   4                   1                   5                   9            0.235455         34817980000           10.184161              533.19 
258         MOGA_E    5.78685085372387    9.03362005810888                   4                  10                   5                   4            0.792759                 inf                 inf             1745.41 
259         MOGA_E    5.78685085372387    9.03362005810888                   4                  11                  10                   4                 inf                 inf                 inf                 inf 
260         MOGA_E    5.78685085372387    9.03362005810888                   7                  10                  10                   4                 inf                 inf                 inf                 inf 
261         MOGA_E    5.78685085372387    9.97507572452308                   6                   1                   8                  10            0.292647         19077540000           10.114931             1049.39 
262         MOGA_E    6.20177136370995    4.70320456507765                   7                  11                   5                   6            0.365011         15225340000           14.164716             1017.46 
263         MOGA_E    6.20177136370995    4.70320456507765                   7                  11                   6                   6            0.327845          2067923000           19.406122             1178.13 
264         MOGA_E    6.20177136370995     6.0680626198035                  12                   6                   3                   4            0.319264                 inf                 inf             840.273 
265         MOGA_E    6.20177136370995    6.16620402744329                   9                   8                   3                   6            0.457195                 inf                 inf             826.333 
266         MOGA_E    6.20177136370995    6.82756383988427                   6                  10                   5                   3            0.511921         11819750000           43.541503             1279.63 
267         MOGA_E    6.20177136370995    6.82756383988427                   6                  10                   5                   4            0.510921          2216536000           25.512377              1290.9 
268         MOGA_E    6.20177136370995     8.0477188723384                  10                   7                   3                   4            0.419324         23396290000           17.166217             998.145 
269         MOGA_E    6.20177136370995    9.03362005810888                  10                  10                   3                   8            0.692257          2214649000            4.897636             1407.12 
270         MOGA_E    6.20177136370995    9.65649922362366                   8                  10                   8                   8            0.570446           797090200            9.646264              3534.3 
271         MOGA_E    6.20177136370995    10.3152461789154                  10                   3                   6                   4            0.270241          2823411000           28.602464              1567.1 
272         MOGA_E    6.20177136370995    10.3152461789154                  10                   5                   6                   6            0.437139          1586740000           15.152735             2027.57 
273         MOGA_E    6.45720719334539    4.70320456507765                   3                   1                   4                   2            0.090302                 inf                 inf             393.174 
274         MOGA_E    6.45720719334539    6.16620402744329                   3                   1                   6                   2                 inf                 inf                 inf                 inf 
275         MOGA_E    6.45720719334539    6.16620402744329                   3                   4                   2                   3            0.360822                 inf                 inf             374.388 
276         MOGA_E    6.45720719334539    6.16620402744329                   3                   4                   6                   6            0.399596                 inf                 inf             736.251 
277         MOGA_E    6.45720719334539    7.46248587242443                   9                  12                  10                   6            0.366651           645303200             51.8623             3300.02 
278         MOGA_E    6.52544253623367    6.82756383988427                   2                   1                   8                   4            0.137059                 inf                 inf             534.754 
279         MOGA_E    6.52544253623367    8.76066035533355                   2                   1                  10                   6            0.216969                 inf                 inf             733.066 
280         MOGA_E    6.52544253623367    8.76066035533355                   6                   1                   3                  10            0.369623        164535000000            6.760394             570.998 
281         MOGA_E    6.52544253623367    8.76066035533355                  10                   1                   6                   4            0.231651         13380770000           38.470868             1149.57 
282         MOGA_E    6.52544253623367    9.97507572452308                   6                  10                   8                  10            0.640944           837621500            7.718676             3715.18 
283         MOGA_E    6.52544253623367    9.97507572452308                   6                  11                   9                   6            0.581716           886199800           23.450631             4206.93 
284         MOGA_E    6.52544253623367    9.97507572452308                   6                  11                  10                   6            0.560956           760983900           26.154766             4607.22 
285         MOGA_E     6.7058423867942    4.78649228894454                   7                   2                   2                   6            0.310566                 inf                 inf             440.974 
286         MOGA_E    7.42075703266112    3.52863042267441                   4                   5                   3                   8            0.285529         17881620000            9.206123             494.602 
287         MOGA_E    7.42075703266112    4.63230456068754                   4                  11                   8                   6            0.286217          2724026000           22.804641             1367.54 
288         MOGA_E    7.42075703266112    4.63230456068754                   6                  11                   8                   4            0.184929          1968905000           59.786151             1545.91 
289         MOGA_E    7.42075703266112    4.63230456068754                   9                  10                   3                   3            0.235337          4596464000           25.864844             865.702 
290         MOGA_E    7.42075703266112    4.70320456507765                   6                   5                   4                   4            0.192474          4342394000           22.564322             759.685 
291         MOGA_E    7.42075703266112    4.95634418491104                   7                   5                   6                   4            0.181553          3818707000           26.689243             1162.12 
292         MOGA_E    7.42075703266112    6.82756383988427                   3                   4                   2                   6            0.443673                 inf                 inf             436.946 
293         MOGA_E    7.42075703266112    7.97578654018035                   9                   5                   3                   4             0.30136                 inf                 inf             979.676 
294         MOGA_E    7.42075703266112    8.76066035533355                   2                   5                   8                   6            0.705675          2254933000           17.645606             1501.77 
295         MOGA_E    7.42075703266112    8.76066035533355                   2                   5                   8                   8            0.694403          2332835000           11.015504             1524.57 
296         MOGA_E    7.42075703266112    9.03362005810888                   9                   5                   5                   4            0.292176          1425287000           23.388324             1653.71 
297         MOGA_E    9.61840131954215    6.82756383988427                  11                  10                   3                   6            0.423041          2951800000            6.739274             1679.96 
298         MOGA_E    9.87614357651963    3.39803079068569                   2                  10                   8                   6            0.215056          5353637000           21.715045             1035.17 
299         MOGA_E    9.87614357651963    7.97578654018035                  11                   4                   8                   4            0.245352                 inf                 inf             3331.85 
300         MOGA_E    9.87614357651963    9.03362005810888                  11                   3                   6                   6            0.310766                 inf                 inf             2870.46 
301         MOGA_E    9.93324802021182    4.70320456507765                   7                   5                   3                   6            0.270386          7406725000            9.384389             1017.83 
302         MOGA_E    10.1064617340949    3.39803079068569                   6                   5                   6                   6            0.196148          2789463000           18.596313              1572.2 
303         MOGA_E    10.1064617340949    4.70320456507765                   6                   5                   8                   6            0.191365           615050200           15.544182             2153.14 
304         MOGA_E    10.1064617340949    9.03362005810888                   4                   1                   8                   6            0.139021                 inf                 inf             1537.37 
305         MOGA_E    11.0146870184758    8.76066035533355                   2                   1                   3                  10             0.24036                 inf                 inf             579.153 
306         MOGA_E    11.0146870184758    9.03362005810888                   4                   5                   8                  10            0.350253                 inf                 inf             2761.77 
307         MOGA_E    11.0146870184758    9.65649922362366                   9                   2                   9                   6            0.261238                 inf                 inf             4189.07 
308         MOGA_E    11.0146870184758    9.97507572452308                  11                   9                   3                   3            0.298324           833906300           18.307402             2468.74 
309         MOGA_E    11.0146870184758    9.97507572452308                  11                  10                   3                   3            0.316811                 inf                 inf             2568.04 
310         MOGA_E    11.2020488317134    4.63230456068754                   6                   9                   8                   8            0.232526           515687900           11.496236             2838.12 
311         MOGA_E    11.2020488317134    4.63230456068754                   9                   9                   3                   8            0.402555          1308169000            6.826059             1602.07 
312         MOGA_E    11.2020488317134    4.63230456068754                  10                   3                   3                   3            0.191471                 inf                 inf              1559.1 
313         MOGA_E    11.2020488317134    7.97578654018035                  11                   9                   3                   3             0.25233          3295385000           17.796188             2173.37 
314         MOGA_E    11.2020488317134     8.0477188723384                  10                   9                   5                   3            0.206057          2105155000           28.298358             3273.91 
315         MOGA_E    11.2020488317134    9.85785142651659                  11                   9                   4                   4            0.316418           565110300           13.017826             3284.69 
316         MOGA_E    11.3953688956776    3.19905622778416                   1                   3                   5                   2                 inf                 inf                 inf                 inf 
317         MOGA_E    11.3953688956776    7.99788410775265                   6                   3                   5                   4             0.16077          2467222000           18.420465             1868.25 
318         MOGA_E    11.3953688956776    7.99788410775265                   6                   3                   5                   8            0.271957          2160681000            5.023953             1917.15 
319         MOGA_E    11.5544952454765    4.63230456068754                   9                   5                   8                   3                 inf                 inf                 inf                 inf 
320         MOGA_E    11.5544952454765     8.0477188723384                   9                   5                   3                   6            0.333655          2033923000            5.514161             1800.96 
321         MOGA_E    11.5544952454765    9.03362005810888                   9                   1                   3                   4            0.219309                 inf                 inf             1547.44 
322         MOGA_E    11.6040742572416    3.19905622778416                   8                   3                   4                   2            0.131438         45818700000           76.436854             1724.83 
323         MOGA_E    11.6040742572416    6.16620402744329                   9                  12                  10                   6            0.290903                 inf                 inf             5248.41 
324         MOGA_E    11.6049683548533    5.88859207084803                  11                   7                   3                   9            0.472826          1653748000            4.900736             1951.61 
325         MOGA_E    11.7228117863288    9.97507572452308                   4                   5                   8                   6            0.293199                 inf                 inf             3117.05 
326         MOGA_E    11.7228117863288    9.97507572452308                   9                   4                   2                  10            0.538889          5507787000            2.448972             1427.19 
327         MOGA_E    3.08466912018353    8.76066035533355                  10                   5                   4                   3            0.655519          4235205000           49.606923             817.814 
328         MOGA_E    3.08466912018353    8.76066035533355                  10                  12                   5                   3             0.83942          1772100000           69.198314             1829.31 
329         MOGA_E    3.27891949577207    3.19905622778416                   8                  10                   4                   2                0.37                 inf                 inf             439.902 
330         MOGA_E    3.27891949577207    4.63230456068754                   9                   7                   8                   9            0.513409          6418487000           17.764098             799.965 
331         MOGA_E    3.27891949577207    5.03146745312562                   8                  11                   8                   6            0.600145          2255279000           35.080036             1128.85 
332         MOGA_E    3.27891949577207     5.0771343750307                   8                   3                   4                   6            0.338593                 inf                 inf             420.599 
333         MOGA_E    3.27891949577207    5.16844124587646                   7                   3                   2                   6            0.338024                 inf                 inf             311.769 
334         MOGA_E    3.27891949577207    5.88859207084803                   7                  11                  10                  10            0.711357           885297200           16.536157             1758.96 
335         MOGA_E    3.27891949577207    5.88859207084803                  12                   2                   3                   4            0.278494        133962600000            36.87166             393.062 
336         MOGA_E    3.27891949577207    8.76066035533355                   7                   3                   4                   3            0.544064          9101615000           54.750468             594.587 
337         MOGA_E    3.27891949577207    8.76066035533355                  12                   1                   8                   6            0.324993         26788410000            30.85539             746.252 
338         MOGA_E    3.27891949577207    10.3152461789154                   8                   2                  10                   6            0.485445          3064710000           30.982337             1212.03 
339         MOGA_E     3.4294650314513    5.03146745312562                   7                   3                  10                   8            0.352084          6802692000            28.84562             729.783 
340         MOGA_E     3.4294650314513     5.0771343750307                   7                   7                   4                   2            0.580851          5468834000           114.78194             529.575 
341         MOGA_E     3.4294650314513    8.76066035533355                   8                   3                   4                   3            0.468702         10440690000           54.113193             617.635 
342         MOGA_E     3.4294650314513    8.76066035533355                  10                   3                   4                   2            0.400716         26065700000          109.772733              648.69 
343         MOGA_E    3.99852587841383    4.63230456068754                   7                   4                   3                   4            0.276216                 inf                 inf             390.474 
344         MOGA_E    3.99852587841383    4.63230456068754                  11                   4                   3                   4            0.281913         67531100000           24.790217             449.967 
345         MOGA_E    3.99852587841383    4.70320456507765                   3                   4                   3                   6            0.472993                 inf                 inf             341.954 
346         MOGA_E    3.99852587841383    4.70320456507765                   3                   4                   6                   6            0.514436         12985680000           25.654255             470.583 
347         MOGA_E    3.99852587841383    4.70320456507765                   7                   3                   2                   6             0.32277                 inf                 inf             325.617 
348         MOGA_E    3.99852587841383    4.70320456507765                   7                   4                   3                   6            0.350812                 inf                 inf             402.599 
349         MOGA_E    3.99852587841383    6.82756383988427                   6                   4                   2                   4            0.451999                 inf                 inf             382.887 
350         MOGA_E    3.99852587841383    6.82756383988427                   7                   5                   3                   3            0.495258         13017790000           40.496905             523.632 
351         MOGA_E    3.99852587841383    6.82756383988427                   9                   2                   6                   6            0.302364         17719340000           17.232854             663.155 
352         MOGA_E    3.99852587841383    6.82756383988427                  10                   3                   6                   4            0.284843          7659152000           37.696409             766.102 
353         MOGA_E    3.99852587841383    6.82756383988427                  12                  11                   3                   8            0.762658          1937353000            6.532918             899.247 
354         MOGA_E    3.99852587841383    7.46248587242443                  10                   5                   5                   4            0.453685          2733719000           36.231693             893.871 
355         MOGA_E    3.99852587841383    7.46248587242443                  10                  12                   5                   6            0.720431           797740900           20.964254             1534.25 
356         MOGA_E    3.99852587841383    7.99788410775265                   7                  10                   5                  10            0.815739          1098823000            7.303357             1508.26 
357         MOGA_E    3.99852587841383    8.76066035533355                   6                   5                   8                   4            0.655873          1160599000           48.437439             1415.43 
358         MOGA_E    3.99852587841383    8.76066035533355                   6                   8                   3                   6             0.82475          5958348000           12.388477             909.338 
359         MOGA_E    3.99852587841383    8.76066035533355                  10                   5                   8                   4             0.52275          1030032000           55.840761             1533.85 
360         MOGA_E    3.99852587841383    9.03362005810888                   7                   8                   3                   4            0.779283          4721779000           21.333769             950.738 
361         MOGA_E    3.99852587841383    9.65649922362366                   7                   5                   9                   8            0.671699           841761600           15.350656             1966.34 
362         MOGA_E    3.99852587841383    9.65649922362366                   7                  10                   6                  10             0.84218           869013900            9.972383                2419 
363         MOGA_E    3.99852587841383    9.65649922362366                   7                  12                   9                   8            0.799756           504587300           20.773762             3957.65 
364         MOGA_E    3.99852587841383    9.97507572452308                   2                   1                   8                   6            0.501551                 inf                 inf              563.21 
365         MOGA_E    3.99852587841383    9.97507572452308                   7                   4                   2                   6            0.652325         26225060000           11.672288             553.472 
366         MOGA_E    3.99852587841383    9.97507572452308                  11                   3                   2                   6            0.511728                 inf                 inf             526.541 
367         MOGA_E    3.99852587841383    10.3152461789154                   2                   5                   8                   6             0.92031                 inf                 inf             1745.54 
368         MOGA_E    3.99852587841383    11.9413428087446                   7                   9                   4                   6            0.862737          1903109000           14.558238             2187.88 
369         MOGA_E     4.3038340277522    6.82756383988427                  11                  10                   3                   6            0.663438          3008082000           10.830631             848.364 
370         MOGA_E    4.36319615801945    6.82756383988427                  11                  10                   3                   6            0.660983          3223562000           13.435847             853.562 
371         MOGA_E    4.94853993735674    4.95634418491104                   7                   5                   2                   4            0.317585                 inf                 inf             388.048 
372         MOGA_E    4.94853993735674     6.0680626198035                  12                   5                   4                   4            0.317419          4335154000           28.328049             796.077 
373         MOGA_E    4.94853993735674    7.97578654018035                   9                   1                   5                   9             0.36398                 inf                 inf             631.426 
374         MOGA_E    4.94853993735674    8.76066035533355                   7                  10                   3                   6            0.767695          2762061000            11.52856              1130.6 
375         MOGA_E    4.94853993735674    9.03362005810888                   4                  10                   3                   4            0.867207         32272100000           31.421303              1096.9 
376         MOGA_E    4.94853993735674    9.03362005810888                  11                   9                   6                   6            0.594159           692198700            16.33801             2174.93 
377         MOGA_E    4.94853993735674    9.97507572452308                   3                  10                   2                   3            0.913405        190556000000           28.237734             910.823 
378         MOGA_E    4.94853993735674    9.97507572452308                   9                   4                   3                   3            0.405557         13095020000           31.673058             802.755 
379         MOGA_E    4.94853993735674    9.99020206322437                   3                   1                   3                   4            0.216503                 inf                 inf             375.066 
380         MOGA_E    5.58618536339429    6.82756383988427                  10                   5                   5                   4            0.293322          2593445000           28.194945             1050.79 
381         MOGA_E    5.78685085372387    3.19905622778416                   3                   5                   4                   6             0.24779                 inf                 inf             405.081 
382         MOGA_E    5.78685085372387    5.03146745312562                   8                  11                  10                   2                 inf                 inf                 inf                 inf 
383         MOGA_E    5.78685085372387    5.03146745312562                  12                   2                  10                  10            0.379079          9921961000           14.101076             1734.77 
384         MOGA_E    5.78685085372387    9.03362005810888                   6                   5                   3                   4            0.511696          6395635000            19.76629               792.6 
385         MOGA_E    5.78685085372387    9.97507572452308                   4                   1                   2                  10            0.355988                 inf                 inf             396.143 
386         MOGA_E    5.78685085372387    10.3152461789154                   3                   5                   3                   4             0.78142         17768370000           19.880277             838.944 
387         MOGA_E      6.009842775301    8.76066035533355                  10                  12                   4                   3            0.536311          1885308000           34.644533             1833.77 
388         MOGA_E    6.20177136370995    3.52863042267441                  11                   5                   3                   8            0.442769         17330110000            9.933627             685.546 
389         MOGA_E    6.20177136370995    4.70320456507765                   7                   4                   5                   6            0.255209          6172271000           14.163858             774.873 
390         MOGA_E    6.20177136370995    4.70320456507765                  12                   7                   3                   6            0.405264          6171864000           10.622503             794.014 
391         MOGA_E    6.20177136370995     6.0680626198035                   7                   7                   3                   4             0.37324                 inf                 inf             695.897 
392         MOGA_E    6.20177136370995     6.0680626198035                  12                   5                   8                   6            0.322699          1400334000           21.018904             1834.45 
393         MOGA_E    6.20177136370995    6.16620402744329                   2                   2                   8                   6            0.310179                 inf                 inf               597.5 
394         MOGA_E    6.20177136370995    6.16620402744329                  10                  10                   6                   6            0.386079                 inf                 inf              1654.6 
395         MOGA_E    6.20177136370995    6.16620402744329                  12                   5                   6                   6            0.348838          1952822000           15.310358             1441.39 
396         MOGA_E    6.20177136370995    6.82756383988427                   7                   5                   8                   4            0.257043                 inf                 inf             1388.36 
397         MOGA_E    6.20177136370995    6.82756383988427                  10                   3                   6                   6             0.30601          5233956000           15.903619             1203.74 
398         MOGA_E    6.20177136370995     8.0477188723384                  10                   5                   5                   4            0.307254          2021096000            25.62303             1318.51 
399         MOGA_E    6.20177136370995     8.0477188723384                  11                   7                   5                   4            0.356507          1427263000           25.950173             1584.63 
400         MOGA_E    6.20177136370995    9.03362005810888                  10                   7                   5                   4            0.409134          1532750000           25.791804             1734.29 
401         MOGA_E    6.20177136370995    9.97507572452308                  10                   5                   6                   4            0.346331          1642381000           28.134456             1918.88 
402         MOGA_E    6.20177136370995    9.99020206322437                   3                  11                   5                   6            0.862284         13227080000           11.823892             2252.47 
403         MOGA_E    6.21785757281718    7.97578654018035                  11                   5                   5                   4             0.30177          2120181000           25.341077             1371.54 
404         MOGA_E    6.45720719334539    4.63230456068754                   4                   4                   8                   6            0.198532         17827490000           17.904911             848.508 
405         MOGA_E    6.45720719334539    4.70320456507765                   3                   1                   3                   2            0.083746                 inf                 inf             347.345 
406         MOGA_E    6.45720719334539    4.70320456507765                  11                   7                   6                   4            0.242435          2279999000           31.015508              1346.6 
407         MOGA_E    6.45720719334539    5.88859207084803                  11                   2                   6                   3            0.215276                 inf                 inf             1112.01 
408         MOGA_E    6.45720719334539    6.82756383988427                  11                   2                   6                   3              0.2111                 inf                 inf             1157.85 
409         MOGA_E    6.52544253623367     8.0477188723384                  10                  10                   5                   4            0.416045          4807630000           24.585412             1901.35 
410         MOGA_E    7.42075703266112    3.39803079068569                   2                   1                   4                   4            0.093292                 inf                 inf             360.378 
411         MOGA_E    7.42075703266112    4.63230456068754                   9                   5                   5                   3            0.175731          3891701000            43.40312             1142.85 
412         MOGA_E    7.42075703266112    4.63230456068754                   9                  10                   2                   3            0.271155          7328875000           20.816733             645.153 
413         MOGA_E    7.42075703266112    4.70320456507765                   2                   1                   8                   6            0.101333         59598580000           28.492845             550.037 
414         MOGA_E    7.42075703266112    4.95634418491104                   7                   4                   2                   4            0.242738         31833270000           16.280869             510.462 
415         MOGA_E    7.42075703266112    4.95634418491104                  10                   7                   5                   4            0.233765          2698297000           25.704046             1338.87 
416         MOGA_E    7.42075703266112    5.03146745312562                   4                  11                  10                  10            0.314813          1877753000            8.221427             1898.98 
417         MOGA_E    7.42075703266112    5.03146745312562                   8                  11                   8                  10            0.364207          1140733000           11.073124             2157.95 
418         MOGA_E    7.42075703266112    5.88859207084803                  11                   5                   3                   4            0.275055          4481042000           17.325275             940.197 
419         MOGA_E    7.42075703266112     6.0680626198035                  12                   9                   4                   8            0.500688          1529685000            6.593153             1498.63 
420         MOGA_E    7.42075703266112    6.16620402744329                   3                  11                   2                   6            0.765822         29143730000            8.157643             581.684 
421         MOGA_E    7.42075703266112    6.82756383988427                   7                   5                   4                   6            0.323917                 inf                 inf             1001.14 
422         MOGA_E    7.42075703266112    6.82756383988427                   9                  10                   5                   3            0.283522                 inf                 inf             1694.19 
423         MOGA_E    7.42075703266112     8.0477188723384                   7                   7                   6                   4            0.334607         16378220000           26.850929             1803.17 
424         MOGA_E    7.42075703266112    8.76066035533355                   6                   5                   8                   4             0.30334                 inf                 inf             1968.47 
425         MOGA_E    7.42075703266112    8.76066035533355                   7                   8                   8                   8             0.43811           597548000            9.488803             2849.29 
426         MOGA_E    7.42075703266112    9.03362005810888                   9                  10                   8                   6            0.387107          3130546000           18.819193             3627.31 
427         MOGA_E    7.42075703266112    9.03362005810888                  10                   5                   4                   4            0.306725          1855563000           19.093411             1434.02 
428         MOGA_E    7.42075703266112    9.03362005810888                  11                   5                   4                   4            0.309723          1701896000           19.252641             1503.42 
429         MOGA_E    7.49856541422129     8.0477188723384                   4                  10                   3                   4             0.70165          3548745000           16.372933             1040.11 
430         MOGA_E    7.49856541422129     8.0477188723384                   4                  10                   5                   4            0.640793          3652612000           23.557734             1595.02 
