%eval_id interface            finthick           wallthick            finwidth           wallwidth          deltatheta            deltaphi       obj_fn_1       obj_fn_2       obj_fn_3       obj_fn_4 
1           MOGA_E    3.15803430516181     5.8531754202457                   3                   1                   2                   2            0.044448                 inf                 inf             250.082 
2           MOGA_E     3.4948335958155    7.77786175197822                   1                   8                   3                   6            0.937329                 inf                 inf             692.062 
3           MOGA_E    4.03479879490789    7.45737219064374                   6                   3                  10                   2                 inf                 inf                 inf                 inf 
4           MOGA_E    4.19838999593556      7.202688142286                   6                   7                   3                   8            0.739734          5127072000            9.511289             673.316 
5           MOGA_E    4.27681581782029     7.8565249912704                   1                   1                   5                   2                 inf                 inf                 inf                 inf 
6           MOGA_E    4.51608686219719    6.62351250910364                  10                   4                  10                  10            0.442556          2480444000           13.339214             1501.15 
7           MOGA_E    4.68184246759948     6.6227570942709                  10                   8                   2                   5            0.570985         42648260000           11.167136              584.57 
8           MOGA_E    4.90369301284835    9.05987763966428                   1                   4                   6                  10            0.921642                 inf                 inf             964.855 
9           MOGA_E    5.06331856784565    9.44856034938645                   4                   9                   2                  10            0.896279         38149430000            6.283334             864.741 
10          MOGA_E    5.20235160142293    8.43811043837951                   2                  10                   6                   9            0.912179         54055180000           12.953673             1648.77 
11          MOGA_E      5.473456435126    5.63559956179727                  11                   2                  10                   2                 inf                 inf                 inf                 inf 
12          MOGA_E    6.26323845808545    9.79141779467064                  10                   2                   9                   5            0.259816          4091553000           28.575632             1861.15 
13          MOGA_E    6.36299374250834    6.38064190669946                   7                  12                  10                   4                 inf                 inf                 inf                 inf 
14          MOGA_E    6.61479092511106    10.5234241804683                   8                   5                   4                   3            0.385184          2630615000           31.592782             1383.98 
15          MOGA_E    7.00901306281286     9.0988906003064                   7                   4                   3                   6             0.39452                 inf                 inf             869.732 
16          MOGA_E    7.29231165037132    10.9192979009446                  11                   2                  10                  10            0.392627          1647516000            7.789711             3049.52 
17          MOGA_E    7.56834139701367    11.4982311252962                  10                   2                  10                   4                 inf                 inf                 inf                 inf 
18          MOGA_E    8.00092259794517    11.6517762633282                   7                   5                  10                  10            0.433669           562546700            8.483973             4235.38 
19          MOGA_E    8.24477439431696    5.09100734679541                  10                   8                   9                  10            0.360901           806173700           10.458975             2931.99 
20          MOGA_E    8.40197365656587    5.13264686061658                   1                   7                  10                   9            0.721975         22493390000           15.889593               977.5 
21          MOGA_E    8.48330281883632     8.3977197568853                  10                  10                   6                   5            0.341482                 inf                 inf             3040.72 
22          MOGA_E    8.55355382922737    10.1049271794525                   6                   6                   5                   9            0.487472         15029840000            4.660643             1907.35 
23          MOGA_E    8.79564662035352     4.5881971295868                   2                  12                  10                   8            0.409643          4753482000           18.870347             1539.35 
24          MOGA_E    9.35042570175157    5.49201085907035                   6                   7                   3                   6             0.31184          3190671000            7.987781             935.776 
25          MOGA_E    9.49102188483394    5.89817287535322                   3                  12                   4                   3             0.58199                 inf                 inf             1069.88 
26          MOGA_E    9.73259151109149    11.6949177932436                  11                   4                   3                   2            0.185183          3027992000           35.919547             1830.53 
27          MOGA_E    9.89999082447029    11.6023530376155                  11                   2                   3                   5            0.310617          7689886000            9.285588             1613.39 
28          MOGA_E    10.1885619560203     11.778916713213                   3                   4                   2                   3            0.506138         31730260000            15.95963             801.064 
29          MOGA_E    10.1935486268222    3.33909289368386                   2                   7                   4                   5            0.231639                 inf                 inf             608.252 
30          MOGA_E    10.8175863850944    8.65778700292939                  11                   6                  10                   4                 inf                 inf                 inf                 inf 
31          MOGA_E    10.8223838721506    8.83613018590777                  12                   9                   4                   6            0.410677           668939200            7.305357             3084.05 
32          MOGA_E    10.8445242963939    5.26626706647978                   4                   6                   6                   4            0.162486          1596322000           23.384011             1480.54 
33          MOGA_E     11.461960467725    11.3722671719139                   5                  12                   4                   2            0.586233          1490369000           42.690016             3263.66 
34          MOGA_E    11.5804858969434    8.01891120570661                   8                   2                   3                   8            0.351113        102019400000           11.802833             1495.31 
35          MOGA_E    11.7598662943392    5.22222156507067                   8                  12                   8                  10            0.327773           298592700            7.663705             4357.54 
36          MOGA_E    3.15803430516181     8.3977197568853                  10                   1                   6                   2                 inf                 inf                 inf                 inf 
37          MOGA_E     3.4948335958155    5.09100734679541                  10                   8                   9                   6            0.449724          2179867000            34.46812             1117.48 
38          MOGA_E     3.4948335958155    7.77786175197822                   1                   8                   9                  10             0.96777                 inf                 inf             1741.42 
39          MOGA_E    4.19838999593556    8.83613018590777                   6                   9                   3                   8            0.850524          5224634000            7.772848             1023.79 
40          MOGA_E    4.90369301284835    9.05987763966428                   3                  12                   4                   3            0.925468                 inf                 inf             1571.16 
41          MOGA_E    4.90369301284835    9.05987763966428                   3                  12                   6                  10            0.899323                 inf                 inf             2419.87 
42          MOGA_E    4.94956185899189    10.1049271794525                   6                   6                   5                   9            0.713236          1100787000            7.236551             1432.58 
43          MOGA_E    6.61479092511106    8.10021281247037                   8                   5                   4                   3            0.289402                 inf                 inf             1052.52 
44          MOGA_E    7.00901306281286    5.22222156507067                   8                  12                   3                  10            0.591001         36143870000            4.455188             956.624 
45          MOGA_E    7.29231165037132    11.3722671719139                   5                  12                  10                  10            0.639888           652622700            6.845054             6766.45 
46          MOGA_E    7.56834139701367    5.49201085907035                  10                   7                   3                   4            0.277358          5010301000           15.985674             945.044 
47          MOGA_E    7.56834139701367    11.4982311252962                  10                   2                   3                   4             0.26084         21527280000           17.466806             1027.04 
48          MOGA_E    7.56834139701367    11.4982311252962                  11                   2                  10                  10            0.393835          1621471000            8.387066             3315.27 
49          MOGA_E    7.56834139701367    11.6949177932436                  10                   4                  10                   4                 inf                 inf                 inf                 inf 
50          MOGA_E    8.48330281883632     8.3977197568853                   3                   1                   2                   5            0.192233                 inf                 inf             409.325 
51          MOGA_E    8.79564662035352    5.26626706647978                   2                   6                  10                   8            0.369095          3726400000           14.815035             1262.18 
52          MOGA_E    9.49102188483394    8.65778700292939                   3                   6                   4                   4            0.546689          5733344000           17.164705             1146.15 
53          MOGA_E    9.73259151109149    11.6949177932436                  11                   2                  10                   2                 inf                 inf                 inf                 inf 
54          MOGA_E    10.8175863850944    5.89817287535322                   3                   6                   4                   3            0.294138                 inf                 inf             937.618 
55          MOGA_E    10.8223838721506      7.202688142286                  12                   7                   3                   8            0.491941          1821682000            4.570542             2046.65 
56          MOGA_E    10.8445242963939     4.5881971295868                   2                  12                   6                   4            0.464396          7881985000            27.18504             1157.12 
57          MOGA_E     11.461960467725    5.49201085907035                   6                  12                   4                   6            0.300208           983603900            8.108818             1777.09 
58          MOGA_E     11.461960467725    11.3722671719139                  11                  12                   4                  10            0.629884                 inf                 inf             4609.47 
59          MOGA_E    11.5804858969434    8.01891120570661                   8                   9                   3                   8            0.465308          3853448000            3.476834             1937.58 
60          MOGA_E    11.7598662943392     9.0988906003064                   8                  12                   3                   6            0.467181           966823200            4.911554             2379.53 
61          MOGA_E    3.15803430516181      7.202688142286                   3                   1                   3                   8            0.225167                 inf                 inf             299.455 
62          MOGA_E     3.4948335958155    5.09100734679541                   6                  12                   9                   6            0.649424       5095629000000           56.858728             1268.69 
63          MOGA_E     3.4948335958155    5.49201085907035                   6                   8                   4                   6            0.696248          5133808000           21.687422             608.923 
64          MOGA_E    3.79129000696879    9.79141779467064                  10                   2                   9                   5            0.353257          8594206000           37.319322             1193.51 
65          MOGA_E    4.19838999593556     8.3977197568853                   3                   1                   3                   5            0.196481                 inf                 inf             340.787 
66          MOGA_E    4.19838999593556    11.6517762633282                   6                   5                   3                   8            0.802779          6028012000            6.675978             1050.11 
67          MOGA_E    4.94956185899189    5.22222156507067                   6                   6                   5                  10            0.444406                 inf                 inf             753.116 
68          MOGA_E    4.94956185899189    10.1049271794525                   5                  12                   5                  10            0.865655          1332718000            7.636757             2604.17 
69          MOGA_E    4.94956185899189    11.3722671719139                   5                   6                  10                   9             0.70688           503553000           11.662668             3217.13 
70          MOGA_E    6.61479092511106    8.10021281247037                   8                   1                   4                   3             0.16673        491124600000            44.13719             719.397 
71          MOGA_E    6.61479092511106    10.5234241804683                   3                   1                   4                   2            0.160861                 inf                 inf             524.737 
72          MOGA_E    6.61479092511106    10.5234241804683                   8                   1                   2                   3            0.198735        221386600000          388.019955             494.891 
73          MOGA_E    7.00901306281286    5.22222156507067                   8                   6                   5                   9            0.378612          5869272000            8.292193             1050.04 
74          MOGA_E    8.00092259794517    11.6517762633282                   5                  12                   4                   2            0.760644          2147958000           57.940558             2891.02 
75          MOGA_E    8.00092259794517    11.6517762633282                   6                   9                  10                   8             0.50024           491173400           12.138068              5834.9 
76          MOGA_E    8.40197365656587    5.13264686061658                   1                   1                   2                   5            0.060405                 inf                 inf             283.441 
77          MOGA_E    8.40197365656587     8.3977197568853                   1                   1                  10                   9            0.294739                 inf                 inf             644.893 
78          MOGA_E    8.48330281883632     8.3977197568853                   3                   2                   2                   5            0.262929                 inf                 inf             455.848 
79          MOGA_E    8.48330281883632     8.3977197568853                   6                   7                   3                   5            0.438714                 inf                 inf              1136.6 
80          MOGA_E    9.89999082447029     8.3977197568853                   3                   2                   2                   5            0.236798                 inf                 inf             514.031 
81          MOGA_E    10.1885619560203    5.24974404706142                   3                   4                   2                   3            0.181554                 inf                 inf             479.641 
82          MOGA_E    10.1885619560203     11.778916713213                   3                   7                   2                   8            0.786486         10385530000            3.761801             1131.47 
83          MOGA_E    10.1885619560203     11.778916713213                  12                   4                   3                   8            0.506663          2945393000            3.707757             2103.48 
84          MOGA_E    10.8223838721506      7.202688142286                  12                   1                   3                   2            0.167506                 inf                 inf             1707.53 
85          MOGA_E    10.8223838721506    11.4982311252962                  11                   9                  10                  10            0.393585           196546600             6.49826              9194.3 
86          MOGA_E    10.8223838721506    11.4982311252962                  12                   9                  10                  10            0.388259           197357600            7.602767             9583.33 
87          MOGA_E    10.8445242963939     4.5881971295868                   2                   8                   6                   4            0.363965                 inf                 inf             1001.53 
88          MOGA_E    10.8445242963939    5.09100734679541                  10                  12                   6                   4            0.220721           375871600           36.370506             3158.25 
89          MOGA_E     11.461960467725    11.3722671719139                   5                  12                   9                   2                 inf                 inf                 inf                 inf 
90          MOGA_E     11.461960467725    11.6517762633282                   5                  12                  10                   2                 inf                 inf                 inf                 inf 
91          MOGA_E    3.15803430516181     5.8531754202457                   3                   1                   5                  10            0.231988                 inf                 inf             345.953 
92          MOGA_E    3.15803430516181    11.4982311252962                  10                   2                   3                   8            0.578712                 inf                 inf             600.754 
93          MOGA_E     3.4948335958155    5.09100734679541                   6                  12                   6                   4              0.7055          3311860000           37.109235             918.356 
94          MOGA_E     3.4948335958155    5.49201085907035                   6                   8                   4                   2            0.710962          9131832000          125.397265             595.076 
95          MOGA_E     3.4948335958155    5.49201085907035                   8                   8                   4                   6            0.636801          4281185000           18.742595             640.139 
96          MOGA_E     3.4948335958155    5.49201085907035                  10                   8                   6                   6            0.551904          2636056000           23.431956             900.221 
97          MOGA_E     3.4948335958155    8.01891120570661                   8                   9                   4                   6            0.796704          1973284000           14.289227             1086.33 
98          MOGA_E    3.79129000696879    9.79141779467064                  10                   4                   9                   5            0.550505          1025896000           42.288617             1756.74 
99          MOGA_E    4.19838999593556      7.202688142286                   6                   6                   5                   8            0.659182          2287771000           10.114542             891.829 
100         MOGA_E    4.19838999593556    8.83613018590777                   6                   7                   2                   8            0.820454         17722310000            8.054025             651.721 
101         MOGA_E    4.19838999593556    10.5234241804683                   6                   7                   4                   2            0.820795          4721007000           99.510033             1390.33 
102         MOGA_E    4.94956185899189    10.1049271794525                   5                  12                   2                   2            0.883512        115626600000           54.562985             1111.21 
103         MOGA_E    4.94956185899189    10.1049271794525                   5                  12                   5                   2                 inf                 inf                 inf                 inf 
104         MOGA_E    5.06331856784565    9.44856034938645                   4                   9                   2                   6            0.874605         28787360000            9.600537             814.156 
105         MOGA_E    5.06331856784565    11.4982311252962                   4                   9                   2                  10             0.92196         38816970000            6.911425             1175.42 
106         MOGA_E    6.61479092511106      7.202688142286                   6                   7                   3                   2            0.446779          8385364000           54.800155             799.169 
107         MOGA_E    6.61479092511106     11.778916713213                   8                   7                   4                   3             0.53337           923177300           30.319405             1995.98 
108         MOGA_E    7.29231165037132    11.6517762633282                   7                   5                  10                  10             0.46797           688749600            7.885277             3966.36 
109         MOGA_E    7.29231165037132    11.6517762633282                   7                  12                  10                  10            0.575246           488270000            7.441079             7444.95 
110         MOGA_E    7.29231165037132     11.778916713213                   3                   7                  10                   8            0.707518          2967856000           13.118127             4212.43 
111         MOGA_E    7.29231165037132     11.778916713213                   3                  12                  10                   8            0.772917           826336000           11.931077             6696.55 
112         MOGA_E    7.56834139701367    8.83613018590777                  12                   2                   4                   6            0.357674          7615333000           10.404345             1299.71 
113         MOGA_E    7.56834139701367    11.4982311252962                   3                   1                   3                   8             0.27012                 inf                 inf             528.423 
114         MOGA_E    7.56834139701367    11.4982311252962                  10                   4                   3                   3            0.284045          3303999000           24.018784              1294.2 
115         MOGA_E    7.56834139701367     11.778916713213                  10                   2                   3                   4            0.260513         27055030000           14.793636             1043.09 
116         MOGA_E    8.00092259794517    10.1049271794525                   5                  12                   4                   2            0.718522          2035500000           60.303598              2252.1 
117         MOGA_E    8.00092259794517    11.6517762633282                   3                   4                   2                   3            0.612037         22702570000           20.977622             704.532 
118         MOGA_E    8.00092259794517    11.6517762633282                   7                   4                  10                  10            0.404534           712511600            7.450703             3738.44 
119         MOGA_E    8.24477439431696    5.09100734679541                  10                   8                   4                  10            0.487692          1607096000            3.941357             1436.58 
120         MOGA_E    8.40197365656587    5.13264686061658                   8                   1                   2                   3            0.190744                 inf                 inf             581.027 
121         MOGA_E    8.40197365656587    10.5234241804683                   8                   1                   2                   5            0.285831        268464800000           11.008627             669.589 
122         MOGA_E    8.55355382922737      7.202688142286                   6                   7                   5                   9             0.41677                 inf                 inf             1455.72 
123         MOGA_E    8.79564662035352    5.49201085907035                   2                  12                  10                   8            0.524675          3178501000           14.966335             1883.17 
124         MOGA_E    9.35042570175157     4.5881971295868                   2                   7                   3                   4            0.446191                 inf                 inf             515.919 
125         MOGA_E    9.35042570175157    5.49201085907035                   2                   7                   3                   6              0.5746         58618740000            9.187043             586.242 
126         MOGA_E    9.35042570175157    5.49201085907035                   2                   7                   6                   4            0.514238                 inf                 inf             941.907 
127         MOGA_E    9.35042570175157     11.778916713213                   6                   7                   3                   6            0.549336          5392246000            5.732521             1773.42 
128         MOGA_E    9.49102188483394     11.778916713213                   3                   6                   4                   8            0.686313          1938343000            4.167708             1780.51 
129         MOGA_E    9.49102188483394     11.778916713213                   3                   7                   2                   8            0.801079         11616230000            4.053276             1099.93 
130         MOGA_E    10.1885619560203    5.49201085907035                   3                   7                   3                   8            0.435905                 inf                 inf             742.648 
131         MOGA_E    10.1885619560203     8.3977197568853                   3                   4                   3                   3            0.350618                 inf                 inf             787.006 
132         MOGA_E    10.1885619560203     11.778916713213                   3                   1                   2                   5            0.209297                 inf                 inf             534.078 
133         MOGA_E    10.1885619560203     11.778916713213                   3                   5                   4                   3             0.59163          2431212000           24.297572             1592.08 
134         MOGA_E    10.8223838721506    5.09100734679541                  12                   8                   4                  10            0.507816           710662000            5.091267              2532.8 
135         MOGA_E    10.8223838721506    11.4982311252962                  12                   9                   4                   6            0.459623           486040000            6.141985             3837.74 
136         MOGA_E    10.8445242963939    11.2174417526542                   2                  12                   6                   4            0.833462          9635391000           23.123555             3825.56 
137         MOGA_E    11.5804858969434     4.5881971295868                   8                  12                   3                   4            0.229806          1225254000           11.077332             1566.79 
138         MOGA_E    11.5804858969434    5.49201085907035                   6                   9                   3                   8            0.371307          1992404000            4.555991             1340.67 
139         MOGA_E    11.5804858969434    8.01891120570661                   2                  12                   3                   4            0.785539                 inf                 inf             1226.97 
140         MOGA_E    11.7598662943392    5.22222156507067                   8                   6                   8                  10            0.328283           418337900            5.617188             3923.52 
141         MOGA_E    11.7598662943392    5.26626706647978                   4                  12                   6                  10             0.33058          1046664000            5.719318             2120.06 
142         MOGA_E    3.15803430516181    5.09100734679541                   3                   1                   6                   4            0.136331                 inf                 inf             311.571 
143         MOGA_E    3.15803430516181     5.8531754202457                   1                   7                  10                   9            0.947685                 inf                 inf             954.899 
144         MOGA_E    3.15803430516181     5.8531754202457                   4                   1                   2                  10            0.153825                 inf                 inf             287.664 
145         MOGA_E    3.15803430516181     5.8531754202457                  12                   7                   2                   2            0.468761         27867640000           79.285741             434.529 
146         MOGA_E    3.15803430516181      7.202688142286                  10                  12                   6                   4            0.762987          1145102000           49.118976             1562.74 
147         MOGA_E     3.4948335958155    5.09100734679541                   2                  12                   6                   4            0.921087                 inf                 inf             826.597 
148         MOGA_E     3.4948335958155    5.09100734679541                   6                  12                   3                   6             0.77694         10209410000           14.854485             575.437 
149         MOGA_E     3.4948335958155    5.09100734679541                  10                   2                   9                   6            0.291329                 inf                 inf             710.127 
150         MOGA_E     3.4948335958155    5.49201085907035                   6                  12                   4                   2            0.800912                 inf                 inf             743.196 
151         MOGA_E     3.4948335958155    5.49201085907035                   6                  12                   6                   4            0.735844          5245636000           57.958362             1012.78 
152         MOGA_E     3.4948335958155    5.49201085907035                   6                  12                   6                   6            0.746033         13793570000           23.488963                1033 
153         MOGA_E     3.4948335958155    8.01891120570661                   7                   4                   4                   6            0.615064          6332482000           15.646637              655.07 
154         MOGA_E     3.4948335958155    9.79141779467064                  10                   8                   9                   5            0.758312           916730200           42.527821             2849.37 
155         MOGA_E    3.79129000696879    9.79141779467064                  10                   2                   3                   5            0.373047                 inf                 inf             555.468 
156         MOGA_E    4.19838999593556    5.62315826938635                   6                   6                   5                   8            0.557404          6397078000           11.095719              691.13 
157         MOGA_E    4.19838999593556    10.1049271794525                   5                   1                   3                  10            0.370104                 inf                 inf             434.446 
158         MOGA_E    4.19838999593556    11.6023530376155                   6                   6                   5                   5            0.782384          1493660000           23.455898             1832.06 
159         MOGA_E    4.19838999593556    11.6023530376155                  11                   2                   5                   5            0.377713         12407700000           21.907782              1011.8 
160         MOGA_E    4.19838999593556    11.6517762633282                   6                   5                   6                   8            0.758507          1170866000           12.476433             1879.44 
161         MOGA_E    4.51608686219719    5.49201085907035                   2                   4                   3                  10             0.63629                 inf                 inf             398.188 
162         MOGA_E    4.51608686219719    5.49201085907035                   2                   7                   3                   6            0.802606        113543300000           22.148083             449.887 
163         MOGA_E    4.94956185899189     8.3977197568853                   5                  12                   3                   5            0.842694                 inf                 inf             1174.38 
164         MOGA_E    5.06331856784565     5.8531754202457                   3                   9                   5                  10             0.77163          5557318000           10.682145             875.749 
165         MOGA_E    5.06331856784565     8.3977197568853                   3                   9                   2                   6            0.881064         91616300000           10.440277             675.046 
166         MOGA_E    6.26323845808545    11.4982311252962                  11                   2                  10                   5            0.303801                 inf                 inf              2270.2 
167         MOGA_E    6.61479092511106    3.23704097198185                   8                   1                   4                   3            0.168745                 inf                 inf             649.184 
168         MOGA_E    7.00901306281286    5.22222156507067                  10                  12                   3                  10            0.607632          7290853000            4.649995             1055.01 
169         MOGA_E    7.56834139701367     4.5881971295868                  10                   7                   3                   4            0.260333          2682342000           19.060182             886.302 
170         MOGA_E    7.56834139701367    5.49201085907035                   2                   7                   3                   4            0.644394         26573560000           20.597888             510.599 
171         MOGA_E    7.56834139701367      7.202688142286                  11                   2                  10                   8            0.340934                 inf                 inf             2596.84 
172         MOGA_E    7.56834139701367      7.202688142286                  11                   6                   5                  10            0.517118          1213416000            4.107539             1816.43 
173         MOGA_E    7.56834139701367    8.83613018590777                  10                   2                   4                   6            0.319729          8802887000           10.064231             1152.89 
174         MOGA_E    7.56834139701367    11.4982311252962                  10                   9                   3                   8            0.669973          1555926000            4.129991             2049.65 
175         MOGA_E    7.56834139701367    11.4982311252962                  11                   2                   9                  10            0.410445          1851847000            6.285104             3008.74 
176         MOGA_E    7.56834139701367    11.4982311252962                  11                   8                   4                   2            0.379846          2739716000           58.953504             2427.57 
177         MOGA_E    7.56834139701367    11.4982311252962                  11                   8                  10                   2                 inf                 inf                 inf                 inf 
178         MOGA_E    7.56834139701367     11.778916713213                  12                   2                   3                   6            0.391965         26673830000            9.124062                1170 
179         MOGA_E    7.88669471297725    8.83613018590777                  12                   2                   4                   6            0.354167          7065588000             9.75704             1381.19 
180         MOGA_E    8.00092259794517    11.6517762633282                   7                   4                   4                  10            0.521115                 inf                 inf             1640.79 
181         MOGA_E    8.00092259794517    11.6517762633282                  10                   2                   3                   4             0.25575         15228320000           12.855514             1104.98 
182         MOGA_E    8.00092259794517     11.778916713213                   3                   4                  10                  10            0.552163          1251311000            9.130786                2924 
183         MOGA_E    8.24477439431696    5.09100734679541                  10                   8                   2                   5            0.360978          3612798000             9.96313             798.992 
184         MOGA_E    8.24477439431696     8.3977197568853                  10                   1                   9                  10            0.363788         46885680000           11.364843             2528.76 
185         MOGA_E    8.40197365656587    5.13264686061658                   2                   1                   2                   8             0.19249                 inf                 inf             329.606 
186         MOGA_E    8.40197365656587    5.13264686061658                   2                  12                   2                   3            0.738478        204865600000           21.006887              486.99 
187         MOGA_E    8.40197365656587    10.5234241804683                   8                   1                   4                   5            0.231835         30674790000           15.246014             1118.87 
188         MOGA_E    8.40197365656587    10.5234241804683                   8                   6                   4                   4            0.365267         12426000000           17.223215             1836.12 
189         MOGA_E    8.48330281883632    9.44856034938645                   3                   9                   2                   6            0.808796         21096190000            7.804692             890.955 
190         MOGA_E    8.79564662035352     4.5881971295868                   6                   6                   5                   8            0.282353          1329716000             7.99901             1193.53 
191         MOGA_E    8.79564662035352     4.5881971295868                   6                   6                  10                   8            0.228054           577585300           13.055514             2164.19 
192         MOGA_E    9.35042570175157    5.09100734679541                   6                   7                   3                   6            0.296546          2738009000            8.026423             907.865 
193         MOGA_E    9.35042570175157    5.13264686061658                   1                   7                  10                   6            0.694991         62499730000           21.175936             1080.08 
194         MOGA_E    9.35042570175157    5.49201085907035                   2                   1                   3                   6            0.142372                 inf                 inf              416.36 
195         MOGA_E    9.35042570175157    5.49201085907035                  10                   7                   3                   6            0.355386          1614121000            8.875064             1285.31 
196         MOGA_E    9.35042570175157     11.778916713213                   1                   7                   3                   9              0.9283                 inf                 inf             1293.68 
197         MOGA_E    9.49102188483394     11.778916713213                   7                   6                  10                   8            0.357752           353573000            9.421839             5328.54 
198         MOGA_E    9.73259151109149     5.8531754202457                   3                   1                   5                  10            0.189805         75996310000            9.414177             791.492 
199         MOGA_E    9.73259151109149     5.8531754202457                   3                   4                   5                   2                 inf                 inf                 inf                 inf 
200         MOGA_E    9.84282319799197    8.65778700292939                   3                   6                   4                   4            0.521786          7983269000           15.936844             1176.67 
201         MOGA_E    9.89999082447029    11.6023530376155                  11                   7                   3                   5            0.424887          1038567000            7.640636             2334.88 
202         MOGA_E    9.89999082447029     11.778916713213                  11                   2                   3                   5            0.310325          8100810000            8.512538              1623.7 
203         MOGA_E    10.1885619560203    5.24974404706142                   3                   9                   3                   3            0.414102                 inf                 inf              743.49 
204         MOGA_E    10.1885619560203    5.24974404706142                  12                   4                   4                   6            0.345146          4239431000            9.543766             2046.84 
205         MOGA_E    10.8223838721506    5.49201085907035                   6                   7                   3                   6            0.283438          2153918000            8.402868             1141.34 
206         MOGA_E    10.8223838721506    5.49201085907035                  12                   7                   4                   6            0.351476           779116700            7.615577             2423.48 
207         MOGA_E    10.8223838721506     5.8531754202457                   3                   1                   2                   8            0.260717                 inf                 inf             487.348 
208         MOGA_E    10.8223838721506      7.202688142286                   8                  12                   3                   6            0.421352          1462192000            6.174752             1781.11 
209         MOGA_E    10.8445242963939     4.5881971295868                   3                  12                   2                   4            0.460366                 inf                 inf             604.524 
210         MOGA_E    10.8445242963939    5.26626706647978                  10                   6                   6                   4            0.222541           596810600           23.947851             2930.31 
211         MOGA_E    10.8445242963939     8.3977197568853                   2                   1                   6                   5            0.102281         19433170000           17.814734             853.267 
212         MOGA_E     11.461960467725    5.49201085907035                   6                   8                   4                   2             0.14307          2642256000            45.90496             1574.51 
213         MOGA_E    11.5804858969434    5.24974404706142                   8                   9                   3                   8            0.390551           966726600            4.697469             1605.66 
214         MOGA_E    11.5804858969434    8.01891120570661                   7                   9                  10                   8            0.262558           392274200           11.111333             5454.66 
215         MOGA_E    11.5804858969434    8.01891120570661                   8                  12                   3                  10            0.578342          1193790000            3.243174             2199.89 
216         MOGA_E    11.7598662943392    5.26626706647978                   4                  12                   2                   2            0.357307                 inf                 inf             805.952 
217         MOGA_E    11.7598662943392     5.8531754202457                   3                   1                   6                  10            0.166115         54612460000            8.295418             1220.82 
218         MOGA_E    11.7598662943392     9.0988906003064                  12                   1                   3                   6            0.361519                 inf                 inf             2064.56 
219         MOGA_E    3.15803430516181      7.202688142286                   6                  12                   3                   4             0.88517                 inf                 inf             849.975 
220         MOGA_E     3.4948335958155    5.09100734679541                  10                   4                   9                   5            0.332145                 inf                 inf             826.387 
221         MOGA_E     3.4948335958155    5.49201085907035                   8                   8                   4                   9            0.686454          4736990000           11.130458             610.689 
222         MOGA_E     3.4948335958155     5.8531754202457                  10                   7                   2                   5            0.583633         42278710000           15.633564             452.272 
223         MOGA_E     3.4948335958155     5.8531754202457                  10                   7                   9                   5            0.519118          1707510000           50.076345              1190.5 
224         MOGA_E     3.4948335958155    9.02740392136732                  10                   8                   9                   6            0.719883           669356800           35.419977             2470.41 
225         MOGA_E     3.4948335958155    11.6023530376155                  11                   4                   4                   5             0.65355          3415910000           20.093323              1164.6 
226         MOGA_E     3.4948335958155     11.778916713213                   6                   2                   3                   6            0.549434                 inf                 inf             579.474 
227         MOGA_E    4.19838999593556    5.22222156507067                  10                   2                   3                   5            0.288439                 inf                 inf             441.728 
228         MOGA_E    4.19838999593556      7.202688142286                   2                   1                   3                   8            0.226365                 inf                 inf             303.861 
229         MOGA_E    4.19838999593556      7.202688142286                   6                   1                   6                   5            0.188241                 inf                 inf             524.006 
230         MOGA_E    4.19838999593556     8.3977197568853                   6                   1                   2                   5            0.233227                 inf                 inf             334.479 
231         MOGA_E    4.19838999593556    8.83613018590777                  10                   4                   3                   8            0.605007         24897290000            6.852077              701.53 
232         MOGA_E    4.19838999593556    11.4982311252962                   6                   4                   3                   3            0.682862          9670217000           39.951508             852.129 
233         MOGA_E    4.19838999593556    11.4982311252962                   6                   7                   2                   8            0.875823         20203600000            6.651515             947.066 
234         MOGA_E    4.19838999593556    11.4982311252962                  10                   9                   3                   8            0.842724          1499267000            5.387147              1661.2 
235         MOGA_E    4.19838999593556    11.6517762633282                   6                   1                   3                   8            0.359224                 inf                 inf             467.224 
236         MOGA_E    4.19838999593556    11.6517762633282                   6                   1                   6                  10            0.360839                 inf                 inf             749.451 
237         MOGA_E    4.51608686219719    5.22222156507067                  10                   4                   3                  10            0.528416         44256500000            7.002575              550.51 
238         MOGA_E    4.51608686219719    6.62351250910364                  10                  12                  10                  10            0.530543           958497700           22.552815             2645.61 
239         MOGA_E    4.68184246759948     6.6227570942709                  11                   8                   2                   5            0.559384                 inf                 inf             598.544 
240         MOGA_E    4.94956185899189     5.8531754202457                   3                   1                  10                   2                 inf                 inf                 inf                 inf 
241         MOGA_E    4.94956185899189    8.01891120570661                   6                   6                   5                   9            0.632725          2013538000           10.796285             1025.75 
242         MOGA_E    4.94956185899189    10.1049271794525                   3                   9                   2                   9             0.91356         97525750000            6.320538             851.142 
243         MOGA_E    4.94956185899189    10.1049271794525                   3                   9                   5                   6            0.897393                 inf                 inf             1888.16 
244         MOGA_E    4.94956185899189    11.3722671719139                   3                   1                   2                   2            0.180891                 inf                 inf             345.537 
245         MOGA_E    5.06331856784565    8.83613018590777                   4                   9                   3                   6            0.848986         10758910000            8.901088             1003.25 
246         MOGA_E    5.06331856784565    8.83613018590777                   6                   9                   3                   8            0.796707          2876398000            6.993114             1068.81 
247         MOGA_E    6.61479092511106    5.09100734679541                   6                   8                   3                   2            0.310134                 inf                 inf             648.073 
248         MOGA_E    6.61479092511106      7.202688142286                   6                   7                   6                   4            0.384867                 inf                 inf             1380.29 
249         MOGA_E    6.61479092511106      7.202688142286                   8                   7                   4                   8             0.50285                 inf                 inf             1137.27 
250         MOGA_E    6.61479092511106      7.202688142286                  10                   8                   3                   2            0.306936                 inf                 inf              1012.2 
251         MOGA_E    6.61479092511106    10.5234241804683                   8                   9                   2                   6            0.710411          2261900000            5.231419             1118.91 
252         MOGA_E    7.00901306281286    5.22222156507067                   8                  11                   5                   9            0.439782          4999721000            7.686681             1255.59 
253         MOGA_E    7.00901306281286    5.22222156507067                  10                   2                   5                  10            0.427537                 inf                 inf             1147.41 
254         MOGA_E    7.29231165037132    5.13264686061658                  11                   2                  10                   8            0.345104                 inf                 inf             2275.09 
255         MOGA_E    7.29231165037132    9.44856034938645                   7                   5                  10                   6            0.307583          3292928000           22.338778             2837.11 
256         MOGA_E    7.29231165037132    10.9192979009446                   2                   2                   2                   8            0.501255                 inf                 inf             455.734 
257         MOGA_E    7.29231165037132    11.6517762633282                   4                   5                  10                   6            0.534783           837346900           20.161923             3288.81 
258         MOGA_E    7.56834139701367     4.5881971295868                   2                   7                   3                   4            0.547489         57571440000           22.076161             451.857 
259         MOGA_E    7.56834139701367    9.44856034938645                   3                   2                   3                   6            0.314596                 inf                 inf              557.36 
260         MOGA_E    7.56834139701367    9.44856034938645                  10                   2                   2                   4            0.281492        161967000000           14.800653             686.964 
261         MOGA_E    7.56834139701367    11.4982311252962                   1                   1                   3                   5            0.372331                 inf                 inf             417.225 
262         MOGA_E    7.56834139701367    11.4982311252962                  10                   6                   4                   3            0.357117          1612239000           27.599208             2024.59 
263         MOGA_E    7.56834139701367    11.4982311252962                  11                   2                   3                   5              0.3222         22041680000              9.8715             1116.34 
264         MOGA_E    7.56834139701367    11.6517762633282                   6                   5                   3                   8            0.587452          5321308000            5.019702             1283.18 
265         MOGA_E    7.56834139701367     11.778916713213                  12                   2                   6                   4            0.258175          2997799000           25.722874             2095.18 
266         MOGA_E    7.56834139701367     11.778916713213                  12                   7                   3                   8            0.634624          1634704000            4.414844             1935.56 
267         MOGA_E    7.88669471297725     8.3977197568853                   3                   2                   4                   6            0.257935                 inf                 inf             637.689 
268         MOGA_E    7.88669471297725     8.3977197568853                  12                   1                   2                   5            0.354471                 inf                 inf             754.049 
269         MOGA_E    7.88669471297725    8.65778700292939                  12                   6                   4                   4             0.31491          1290499000           16.952105             1738.58 
270         MOGA_E    7.88669471297725    8.83613018590777                   3                   2                   4                   6            0.266213                 inf                 inf             659.401 
271         MOGA_E    8.00092259794517     5.8531754202457                  12                   7                   2                   2            0.196762          4391690000           36.950316             850.159 
272         MOGA_E    8.00092259794517    11.6517762633282                  12                   7                   2                   2            0.344204          3161024000           32.194298             1370.16 
273         MOGA_E    8.40197365656587    5.13264686061658                   1                   1                   3                   5            0.081815                 inf                 inf              315.11 
274         MOGA_E    8.40197365656587    5.26626706647978                   1                   1                  10                   5            0.128301                 inf                 inf             540.624 
275         MOGA_E    8.40197365656587     5.8531754202457                   8                   1                   5                   5            0.223707        359731000000           24.526586             1205.71 
276         MOGA_E    8.40197365656587    10.5234241804683                   8                   2                   2                  10            0.505698         35608410000            3.416456             780.262 
277         MOGA_E    8.40197365656587    10.5234241804683                   8                   9                   4                   5            0.494162          3894560000             11.6007             2348.57 
278         MOGA_E    8.48330281883632     8.3977197568853                   6                   1                   2                   8            0.356603        520383500000          369.723405             551.718 
279         MOGA_E    8.48330281883632    10.5234241804683                   3                   1                   2                   3            0.143349                 inf                 inf             417.063 
280         MOGA_E    8.79564662035352    5.13264686061658                   1                   6                  10                   8            0.660703         69974550000           16.053207             978.943 
281         MOGA_E    9.35042570175157    5.09100734679541                   6                  12                   6                   4            0.204878          1193984000            24.33198             1816.07 
282         MOGA_E    9.35042570175157    5.49201085907035                   2                  12                   3                   6            0.736273         29451270000           10.328116             727.811 
283         MOGA_E    9.35042570175157    11.3722671719139                   2                   1                  10                   6            0.169189                 inf                 inf             1248.02 
284         MOGA_E    9.35042570175157    11.3722671719139                   2                   6                  10                   6            0.708857          1568162000           18.210151             3515.01 
285         MOGA_E     9.4250155079295    8.83613018590777                  10                   2                   4                   6             0.31074          5842175000            7.718401             1604.57 
286         MOGA_E    9.49102188483394    8.65778700292939                   3                  11                   4                   4            0.713735          4890429000           14.806888             1631.18 
287         MOGA_E    9.73259151109149     5.8531754202457                   3                   1                   4                  10            0.214824        160382400000            8.498679             680.742 
288         MOGA_E    9.84282319799197    11.4982311252962                  10                   6                   4                   3            0.273497           879134800           24.047401             2589.92 
289         MOGA_E    9.89999082447029    5.49201085907035                   6                   8                   4                   5            0.253265          2103479000           12.019789             1330.09 
290         MOGA_E    9.89999082447029    5.49201085907035                  11                   8                   4                   5            0.299222           990229900           11.744677             1999.47 
291         MOGA_E    9.89999082447029      7.202688142286                   6                   2                   3                   2            0.115271         29744180000            49.60586             899.012 
292         MOGA_E    9.89999082447029    8.01891120570661                   7                   2                   4                   6            0.244952          9649439000           10.787728             1306.43 
293         MOGA_E    9.89999082447029    11.6023530376155                   8                   1                   2                   5            0.277894        189463500000          367.550842             851.976 
294         MOGA_E    9.89999082447029    11.6023530376155                   8                   1                   3                   3            0.167428         64259560000           22.702786             1125.53 
295         MOGA_E    9.89999082447029    11.6023530376155                  11                   2                   3                  10            0.521403          6473010000            3.929738             1670.38 
296         MOGA_E    9.89999082447029     11.778916713213                   2                   6                  10                   8            0.684134                 inf                 inf             3868.82 
297         MOGA_E    9.89999082447029     11.778916713213                  11                   6                  10                   5            0.300276                 inf                 inf             6233.21 
298         MOGA_E    10.1885619560203    5.24974404706142                   3                   5                  10                   3                 inf                 inf                 inf                 inf 
299         MOGA_E    10.1885619560203    5.24974404706142                   7                   4                   2                   3            0.180325         29650290000           22.832234             757.532 
300         MOGA_E    10.1885619560203    5.24974404706142                  12                   9                   4                   6            0.358941           711737500           10.613354             2219.25 
301         MOGA_E    10.1885619560203     11.778916713213                   8                   4                   2                   3            0.259118                 inf                 inf             1148.43 
302         MOGA_E    10.1885619560203     11.778916713213                  12                   4                   8                   8            0.383728           584832900            7.381769              5235.8 
303         MOGA_E    10.8223838721506    5.09100734679541                  12                   2                   3                  10            0.525895        306643200000           14.218919             1804.25 
304         MOGA_E    10.8223838721506    5.49201085907035                   8                   8                   4                   6            0.290805           720669700           10.434218             1812.58 
305         MOGA_E    10.8223838721506    5.49201085907035                   8                  12                   3                   6            0.356024          1167913000            7.779026              1526.2 
306         MOGA_E    10.8223838721506      7.202688142286                   8                   1                   3                   6            0.278666                 inf                 inf             1235.99 
307         MOGA_E    10.8223838721506      7.202688142286                   8                  12                   3                   8            0.500181          1579049000            4.032816             1806.22 
308         MOGA_E    10.8223838721506    8.10021281247037                  12                   1                   4                   8            0.418366                 inf                 inf             2272.31 
309         MOGA_E    10.8223838721506     8.3977197568853                   3                   1                   3                   6             0.17159       1041106000000           14.945736             647.147 
310         MOGA_E    10.8223838721506    9.44856034938645                   4                   9                   2                  10            0.736243          9018875000            2.666935             1133.37 
311         MOGA_E    10.8223838721506    11.4982311252962                   4                   9                  10                  10            0.495429           433908300            6.611641             6255.22 
312         MOGA_E    10.8223838721506    11.4982311252962                   6                   7                  10                  10            0.390494           303980900            7.359125             6130.89 
313         MOGA_E    10.8223838721506    11.4982311252962                  10                   2                   3                  10            0.490165          7047127000            2.815264             1790.01 
314         MOGA_E    10.8223838721506    11.4982311252962                  10                   8                   2                  10            0.671842                 inf                 inf             1852.53 
315         MOGA_E    10.8223838721506     11.778916713213                  12                   7                   3                   6            0.466853           798584400            5.614905             2708.85 
316         MOGA_E    10.8223838721506    11.9563453802636                   6                   7                   3                   6            0.495557         15232600000            4.688986             2015.79 
317         MOGA_E    10.8445242963939    5.49201085907035                   2                   8                   6                   2                 inf                 inf                 inf                 inf 
318         MOGA_E    10.8445242963939    5.49201085907035                   6                   1                   6                   5            0.173652                 inf                 inf             1758.52 
319         MOGA_E     11.461960467725    5.49201085907035                   6                   3                   4                   6             0.21332          9488564000            9.235365             1437.36 
320         MOGA_E    11.5804858969434    5.24974404706142                   3                   4                   2                   3            0.161862                 inf                 inf             551.347 
321         MOGA_E    11.5804858969434    5.24974404706142                   8                  11                   3                   8            0.408073           885481100            5.129284             1658.26 
322         MOGA_E    11.5804858969434      7.202688142286                   6                  12                   3                   8            0.489891          2114231000            3.932302             1684.73 
323         MOGA_E    11.5804858969434    8.01891120570661                   3                  12                   2                  10            0.796062         11082530000            3.389628              1054.5 
324         MOGA_E    11.5804858969434    8.01891120570661                   3                  12                   3                   3            0.656902          9498231000           19.510397              1357.5 
325         MOGA_E    11.5804858969434    8.01891120570661                   6                   6                   3                   9            0.409553          3717808000            3.031773             1393.78 
326         MOGA_E    11.5804858969434    8.01891120570661                  12                   9                   4                   8            0.477545           802542800            4.566833             3275.89 
327         MOGA_E    3.15803430516181    5.49201085907035                  12                   7                   2                   2            0.435943         59763480000           68.539531             416.498 
328         MOGA_E    3.15803430516181      7.202688142286                   3                   1                   3                   6            0.186813                 inf                 inf             291.773 
329         MOGA_E    3.15803430516181    8.01891120570661                   8                   1                   3                  10            0.384948                 inf                 inf             385.617 
330         MOGA_E    3.15803430516181    8.01891120570661                  12                   9                   4                   8            0.823154          1853409000            9.421648             1135.28 
331         MOGA_E    3.15803430516181    11.6517762633282                  12                   5                   3                   2            0.698992          6093374000           86.430301             1040.27 
332         MOGA_E     3.4948335958155    3.41734877667266                  10                   7                   9                   5            0.287935                 inf                 inf              744.79 
333         MOGA_E     3.4948335958155    5.09100734679541                  10                   8                   4                   5            0.531863          7414492000           23.373253             642.914 
334         MOGA_E     3.4948335958155    5.49201085907035                   2                  12                   3                   6            0.913859                 inf                 inf             576.458 
335         MOGA_E     3.4948335958155    5.49201085907035                   6                   3                   4                   5            0.345659                 inf                 inf             430.615 
336         MOGA_E     3.4948335958155    5.49201085907035                  10                   8                   6                  10             0.66585          2597775000           10.867352             968.157 
337         MOGA_E     3.4948335958155    5.49201085907035                  11                   4                   3                   5            0.382067                 inf                 inf              466.42 
338         MOGA_E     3.4948335958155    9.02740392136732                  11                   2                   3                   6            0.423564                 inf                 inf             503.684 
339         MOGA_E     3.4948335958155    11.6023530376155                  11                   4                   3                   6            0.680292          6148600000           10.707899             913.504 
340         MOGA_E     3.4948335958155    11.6023530376155                  11                   4                   4                   6            0.682133          3267708000            14.93842             1146.77 
341         MOGA_E     3.4948335958155    11.6517762633282                  12                   9                   2                   6            0.868607          6247295000            8.999948             1172.71 
342         MOGA_E    4.19838999593556      7.202688142286                   6                   7                   3                   4            0.686474          5101733000           25.992895              647.14 
343         MOGA_E    4.19838999593556    8.01891120570661                   6                   9                   3                   9            0.830766          7091454000            6.648372             840.039 
344         MOGA_E    4.19838999593556    8.83613018590777                   2                   9                   3                   8            0.939877        232951800000           14.443507             955.886 
345         MOGA_E    4.19838999593556    8.83613018590777                   6                   9                   5                   8            0.808311          1286569000           10.081454             1559.44 
346         MOGA_E    4.19838999593556    8.83613018590777                  10                   2                   2                   8            0.493053                 inf                 inf             436.861 
347         MOGA_E    4.19838999593556    11.4982311252962                   3                   7                   3                   8            0.924864         32968170000           11.124119             1259.76 
348         MOGA_E    4.19838999593556    11.4982311252962                   6                   7                   2                  10            0.887558         22248110000            5.010963             985.103 
349         MOGA_E    4.51608686219719    5.09100734679541                  10                  12                   3                  10            0.711277         63222820000            5.028549             751.823 
350         MOGA_E    4.51608686219719    5.22222156507067                   6                   4                   6                  10            0.420893                 inf                 inf               699.9 
351         MOGA_E    4.51608686219719    5.49201085907035                   2                   7                   3                   2            0.811779                 inf                 inf             443.635 
